1.499998633763821067e-02
1.499998803356710451e-02
1.499998911683539556e-02
1.499998985194210023e-02
1.499999015037922767e-02
1.499998989415840187e-02
1.499998892334914076e-02
1.499998701710135267e-02
1.499998386402214695e-02
1.499997901465705344e-02
1.499997180294415124e-02
1.499996121206803590e-02
1.499994563723204381e-02
1.499992245111265131e-02
1.499988718330055697e-02
1.499983195376673739e-02
1.499974264816151572e-02
1.499959542546539827e-02
1.499936346956358239e-02
1.499908606406924472e-02
1.499899369322845594e-02
1.499920929863125113e-02
1.499948881799307090e-02
1.499968821030441511e-02
1.499981293792428984e-02
1.499989138919689824e-02
1.499994288838229183e-02
1.499997840551318788e-02
1.500000408105234793e-02
1.500002344872835604e-02
1.500003862041956841e-02
1.500005090719046599e-02
1.500006115215303353e-02
1.500006991494733793e-02
1.500007757766981531e-02
1.500008440780252646e-02
1.500009059679577490e-02
1.500009628441460394e-02
1.500010157450863343e-02
1.500010654547129230e-02
1.500011125732722030e-02
1.500011575662944970e-02
1.500012007990375075e-02
1.500012425611074555e-02
1.500012830843218230e-02
1.500013225558466563e-02
1.500013611279805807e-02
1.500013989255256051e-02
1.500014360514003234e-02
1.500014725909564438e-02
1.500015086153293209e-02
1.500015441840605278e-02
1.500015793471670168e-02
1.500016141467857243e-02
1.500016486184892021e-02
1.500016827923453776e-02
1.500017166937749925e-02
1.500017503442501766e-02
1.500017837618651539e-02
1.500018169618048611e-02
1.500018499567308365e-02
1.500018827571001148e-02
1.500019153714287658e-02
1.500019478065100012e-02
1.500019800675947770e-02
1.500020121585406499e-02
1.500020440819342139e-02
1.500020758391909168e-02
1.500021074306354639e-02
1.500021388555656567e-02
1.500021701123014327e-02
1.500022011982211044e-02
1.500022321097859400e-02
1.500022628425542494e-02
1.500022933911857384e-02
1.500023237494368250e-02
1.500023539101474207e-02
1.500023838652192291e-02
1.500024136055862732e-02
1.500024431211770433e-02
1.500024724008687353e-02
1.500025014324334396e-02
1.500025302024757777e-02
1.500025586963619866e-02
1.500025868981400695e-02
1.500026147904508916e-02
1.500026423544290922e-02
1.500026695695944219e-02
1.500026964137323934e-02
1.500027228627642990e-02
1.500027488906057610e-02
1.500027744690147005e-02
1.500027995674275624e-02
1.500028241527852010e-02
1.500028481893483229e-02
1.500028716385043426e-02
1.500028944585671091e-02
1.500029166045729716e-02
1.500029380280767065e-02
1.500029586769535163e-02
1.500029784952147324e-02
1.500029974228477003e-02
1.500030153956937416e-02
1.500030323453826857e-02
1.500030481993467647e-02
1.500030628809450629e-02
1.500030763097360588e-02
1.500030884019471628e-02
1.500030990712012367e-02
1.500031082295739775e-02
1.500031157890718662e-02
1.500031216636376827e-02
1.500031257718078409e-02
1.500031280401625984e-02
1.500031284077230076e-02
1.500031268314523832e-02
1.500031232930110203e-02
1.500031178068792111e-02
1.500031104298983793e-02
1.500031012721658730e-02
1.500030905090462066e-02
1.500030783938154783e-02
1.500030652701342393e-02
1.500030515831550677e-02
1.500030378876513436e-02
1.500030248511694322e-02
1.500030132499618335e-02
1.500030039554988565e-02
1.500029979098248950e-02
1.500029960890400180e-02
1.500029994557632203e-02
1.500030089034159325e-02
1.500030251972122447e-02
1.500030489183463468e-02
1.500030804184994578e-02
1.500031197910653598e-02
1.500031668633903213e-02
1.500032212112164393e-02
1.500032821931260654e-02
1.500033489999194093e-02
1.500034207121530953e-02
1.500034963587788296e-02
1.500035749707997849e-02
1.500036556256606653e-02
1.500037374801625571e-02
1.500038197915801695e-02
1.500039019280708340e-02
1.500039833703055610e-02
1.500040637065763044e-02
1.500041426235695745e-02
1.500042198946971092e-02
1.500042953674693251e-02
1.500043689509806752e-02
1.500044406042068748e-02
1.500045103255136757e-02
1.500045781435550146e-02
1.500046441095841815e-02
1.500047082911045576e-02
1.500047707667312956e-02
1.500048316221106598e-02
1.500048909467395150e-02
1.500049488315344237e-02
1.500050053670141763e-02
1.500050606419772205e-02
1.500051147425720405e-02
1.500051677516768371e-02
1.500052197485182703e-02
1.500052708084741865e-02
1.500053210030147591e-02
1.500053703997471753e-02
1.500054190625361127e-02
1.500054670516787550e-02
1.500055144241184586e-02
1.500055612336844736e-02
1.500056075313496544e-02
1.500056533654993245e-02
1.500056987822079996e-02
1.500057438255207772e-02
1.500057885377392534e-02
1.500058329597114479e-02
1.500058771311275733e-02
1.500059210908232833e-02
1.500059648770936740e-02
1.500060085280219280e-02
1.500060520818273513e-02
1.500060955772391721e-02
1.500061390539026915e-02
1.500061825528273968e-02
1.500062261168870655e-02
1.500062697913854062e-02
1.500063136247030936e-02
1.500063576690457978e-02
1.500064019813181042e-02
1.500064466241537303e-02
1.500064916671405707e-02
1.500065371882900074e-02
1.500065832758115669e-02
1.500066300302742989e-02
1.500066775672568263e-02
1.500067260206214455e-02
1.500067755465879157e-02
1.500068263288400344e-02
1.500068785849751826e-02
1.500069325747127071e-02
1.500069886104242814e-02
1.500070470707551284e-02
1.500071084183929489e-02
1.500071732234534508e-02
1.500072421945359766e-02
1.500073162203467182e-02
1.500073964260024637e-02
1.500074842498832703e-02
1.500075815494201527e-02
1.500076907477585625e-02
1.500078150380616468e-02
1.500079586682154242e-02
1.500081273345252146e-02
1.500083287135458437e-02
1.500085731408254235e-02
1.500088743607925525e-02
1.500092500123974271e-02
1.500097208258428100e-02
1.500103059286276783e-02
1.500110089442928223e-02
1.500117883219370674e-02
1.500125179059975770e-02
1.500129871035765609e-02
1.500130134302488268e-02
1.500126018536658210e-02
1.500119398793678914e-02
1.500112357928971504e-02
1.500106114189837629e-02
1.500101054643316993e-02
1.500097131318142533e-02
1.500094150294202337e-02
1.500091905131634672e-02
1.500090221195494837e-02
1.500088962731441558e-02
1.500088027753349561e-02
1.500087340536435804e-02
1.500086844890274537e-02
1.500086498907182014e-02
1.500086271080546506e-02
1.500086137499423086e-02
1.500086079835626605e-02
1.500086083898555939e-02
1.500086138592538788e-02
1.500086235159145930e-02
1.500086366621928256e-02
1.500086527375822827e-02
1.500086712880738422e-02
1.500086919430793954e-02
1.500087143978981116e-02
1.500087384002775880e-02
1.500087637400294299e-02
1.500087902409393513e-02
1.500088177544186586e-02
1.500088461544848636e-02
1.500088753337668404e-02
1.500089052003041046e-02
1.500089356749666550e-02
1.500089666893628451e-02
1.500089981841333520e-02
1.500090301075529368e-02
1.500090624143782074e-02
1.500090950648942482e-02
1.500091280241215054e-02
1.500091612611537985e-02
1.500091947486031745e-02
1.500092284621326426e-02
1.500092623800615074e-02
1.500092964830308101e-02
1.500093307537188510e-02
1.500093651765985366e-02
1.500093997377296810e-02
1.500094344245809022e-02
1.500094692258763934e-02
1.500095041314638937e-02
1.500095391322002654e-02
1.500095742198527711e-02
1.500096093870130140e-02
1.500096446270221887e-02
1.500096799339059941e-02
1.500097153023176658e-02
1.500097507274880670e-02
1.500097862051821829e-02
1.500098217316605219e-02
1.500098573036455149e-02
1.500098929182916430e-02
1.500099285731592430e-02
1.500099642661910544e-02
1.500099999956918013e-02
1.500100357603098220e-02
1.500100715590206406e-02
1.500101073911126737e-02
1.500101432561742019e-02
1.500101791540818172e-02
1.500102150849900139e-02
1.500102510493220645e-02
1.500102870477616410e-02
1.500103230812454246e-02
1.500103591509563579e-02
1.500103952583178336e-02
1.500104314049883168e-02
1.500104675928564703e-02
1.500105038240371128e-02
1.500105401008673331e-02
1.500105764259033678e-02
1.500106128019175651e-02
1.500106492318959914e-02
1.500106857190362276e-02
1.500107222667456872e-02
1.500107588786400888e-02
1.500107955585421211e-02
1.500108323104807836e-02
1.500108691386903108e-02
1.500109060476099467e-02
1.500109430418833552e-02
1.500109801263584987e-02
1.500110173060873082e-02
1.500110545863255970e-02
1.500110919725326612e-02
1.500111294703710199e-02
1.500111670857056691e-02
1.500112048246031796e-02
1.500112426933302746e-02
1.500112806983516962e-02
1.500113188463276029e-02
1.500113571441098227e-02
1.500113955987369095e-02
1.500114342174281232e-02
1.500114730075753459e-02
1.500115119767335761e-02
1.500115511326084727e-02
1.500115904830419226e-02
1.500116300359939821e-02
1.500116697995215395e-02
1.500117097817526071e-02
1.500117499908561886e-02
1.500117904350064570e-02
1.500118311223411910e-02
1.500118720609130117e-02
1.500119132586331602e-02
1.500119547232065670e-02
1.500119964620572934e-02
1.500120384822434434e-02
1.500120807903604359e-02
1.500121233924315081e-02
1.500121662937843950e-02
1.500122094989133487e-02
1.500122530113250953e-02
1.500122968333682943e-02
1.500123409660457027e-02
1.500123854088085060e-02
1.500124301593327297e-02
1.500124752132784602e-02
1.500125205640323589e-02
1.500125662024351381e-02
1.500126121164967533e-02
1.500126582911025241e-02
1.500127047077146406e-02
1.500127513440750043e-02
1.500127981739167969e-02
1.500128451666932032e-02
1.500128922873338218e-02
1.500129394960406787e-02
1.500129867481365606e-02
1.500130339939810195e-02
1.500130811789682911e-02
1.500131282436235024e-02
1.500131751238119315e-02
1.500132217510753360e-02
1.500132680531073015e-02
1.500133139543755392e-02
1.500133593768958155e-02
1.500134042411549115e-02
1.500134484671751187e-02
1.500134919757038429e-02
1.500135346895057828e-02
1.500135765347254506e-02
1.500136174422830523e-02
1.500136573492588839e-02
1.500136962002191453e-02
1.500137339484334566e-02
1.500137705569361268e-02
1.500138059993872362e-02
1.500138402606964426e-02
1.500138733373821386e-02
1.500139052376497223e-02
1.500139359811854950e-02
1.500139655986753792e-02
1.500139941310701767e-02
1.500140216286286084e-02
1.500140481497796649e-02
1.500140737598494416e-02
1.500140985297021556e-02
1.500141225343439022e-02
1.500141458515356387e-02
1.500141685604567884e-02
1.500141907404548523e-02
1.500142124699082972e-02
1.500142338252231401e-02
1.500142548799751965e-02
1.500142757042033891e-02
1.500142963638533521e-02
1.500143169203649145e-02
1.500143374303935725e-02
1.500143579456532199e-02
1.500143785128654761e-02
1.500143991737999324e-02
1.500144199653901528e-02
1.500144409199102510e-02
1.500144620651982022e-02
1.500144834249132406e-02
1.500145050188162084e-02
1.500145268630631926e-02
1.500145489705044001e-02
1.500145713509819755e-02
1.500145940116207229e-02
1.500146169571087672e-02
1.500146401899643545e-02
1.500146637107871439e-02
1.500146875184923782e-02
1.500147116105279323e-02
1.500147359830731643e-02
1.500147606312205589e-02
1.500147855491404392e-02
1.500148107302292332e-02
1.500148361672429265e-02
1.500148618524156999e-02
1.500148877775656781e-02
1.500149139341885353e-02
1.500149403135397040e-02
1.500149669067068516e-02
1.500149937046729200e-02
1.500150206983713770e-02
1.500150478787336435e-02
1.500150752367304836e-02
1.500151027634073764e-02
1.500151304499146472e-02
1.500151582875332811e-02
1.500151862676967277e-02
1.500152143820090642e-02
1.500152426222602260e-02
1.500152709804384796e-02
1.500152994487403968e-02
1.500153280195792686e-02
1.500153566855908817e-02
1.500153854396385662e-02
1.500154142748161452e-02
1.500154431844499640e-02
1.500154721620998444e-02
1.500155012015588415e-02
1.500155302968520475e-02
1.500155594422348214e-02
1.500155886321899272e-02
1.500156178614240991e-02
1.500156471248637741e-02
1.500156764176501997e-02
1.500157057351336927e-02
1.500157350728673934e-02
1.500157644266001539e-02
1.500157937922687486e-02
1.500158231659892011e-02
1.500158525440475725e-02
1.500158819228896052e-02
1.500159112991096208e-02
1.500159406694384807e-02
1.500159700307304549e-02
1.500159993799489444e-02
1.500160287141511298e-02
1.500160580304711090e-02
1.500160873261018046e-02
1.500161165982750316e-02
1.500161458442399696e-02
1.500161750612396920e-02
1.500162042464852317e-02
1.500162333971273403e-02
1.500162625102256266e-02
1.500162915827139148e-02
1.500163206113626010e-02
1.500163495927363429e-02
1.500163785231470488e-02
1.500164073986013161e-02
1.500164362147414152e-02
1.500164649667783991e-02
1.500164936494166254e-02
1.500165222567675406e-02
1.500165507822512172e-02
1.500165792184831801e-02
1.500166075571437996e-02
1.500166357888267112e-02
1.500166639028620644e-02
1.500166918871097613e-02
1.500167197277159879e-02
1.500167474088248687e-02
1.500167749122362053e-02
1.500168022169958391e-02
1.500168292989035451e-02
1.500168561299182815e-02
1.500168826774349491e-02
1.500169089034003242e-02
1.500169347632244847e-02
1.500169602044325833e-02
1.500169851649825643e-02
1.500170095711514037e-02
1.500170333348574414e-02
1.500170563502413804e-02
1.500170784892610604e-02
1.500170995959626899e-02
1.500171194789544707e-02
1.500171379014115201e-02
1.500171545676449655e-02
1.500171691048251058e-02
1.500171810377648983e-02
1.500171897536053955e-02
1.500171944515439441e-02
1.500171940699799103e-02
1.500171871788381558e-02
1.500171718169493115e-02
1.500171452405233731e-02
1.500171035237322752e-02
1.500170409057810517e-02
1.500169486891316309e-02
1.500168133156431875e-02
1.500166128860739093e-02
1.500163106513421538e-02
1.500158425839440840e-02
1.500150941618817388e-02
1.500138645546096432e-02
1.500118674741690757e-02
1.500091021272364177e-02
1.500071675762332940e-02
1.500083834883227628e-02
1.500112415403028615e-02
1.500135588543062559e-02
1.500150407693675442e-02
1.500159642284088803e-02
1.500165601533800554e-02
1.500169638927355102e-02
1.500172509823376014e-02
1.500174643665815218e-02
1.500176293537938167e-02
1.500177614445891844e-02
1.500178704848043922e-02
1.500179629382249885e-02
1.500180431750375125e-02
1.500181142280991413e-02
1.500181782515038788e-02
1.500182368070451799e-02
1.500182910480768114e-02
1.500183418404519957e-02
1.500183898438619753e-02
1.500184355676559105e-02
1.500184794098579147e-02
1.500185216848991081e-02
1.500185626436333595e-02
1.500186024879876165e-02
1.500186413818245176e-02
1.500186794590931648e-02
1.500187168300123539e-02
1.500187535858095791e-02
1.500187898023869724e-02
1.500188255431827815e-02
1.500188608614223471e-02
1.500188958019027172e-02
1.500189304024170979e-02
1.500189646948994933e-02
1.500189987063492783e-02
1.500190324595826984e-02
1.500190659738462155e-02
1.500190992653193875e-02
1.500191323475284604e-02
1.500191652316876408e-02
1.500191979269814048e-02
1.500192304407979224e-02
1.500192627789222535e-02
1.500192949456959773e-02
1.500193269441487537e-02
1.500193587761056331e-02
1.500193904422742093e-02
1.500194219423141469e-02
1.500194532748912700e-02
1.500194844377182417e-02
1.500195154275832214e-02
1.500195462403674899e-02
1.500195768710533596e-02
1.500196073137226131e-02
1.500196375615462860e-02
1.500196676067660009e-02
1.500196974406672532e-02
1.500197270535445770e-02
1.500197564346586465e-02
1.500197855721853435e-02
1.500198144531564651e-02
1.500198430633919826e-02
1.500198713874234015e-02
1.500198994084081180e-02
1.500199271080340443e-02
1.500199544664145013e-02
1.500199814619726513e-02
1.500200080713152799e-02
1.500200342690957873e-02
1.500200600278655920e-02
1.500200853179147614e-02
1.500201101071014370e-02
1.500201343606709890e-02
1.500201580410655440e-02
1.500201811077262262e-02
1.500202035168898655e-02
1.500202252213844907e-02
1.500202461704282231e-02
1.500202663094389773e-02
1.500202855798641460e-02
1.500203039190429154e-02
1.500203212601179843e-02
1.500203375320176107e-02
1.500203526595363275e-02
1.500203665635489389e-02
1.500203791614028795e-02
1.500203903675443456e-02
1.500204000944470144e-02
1.500204082539272239e-02
1.500204147589461433e-02
1.500204195260170827e-02
1.500204224783533574e-02
1.500204235499065855e-02
1.500204226904530876e-02
1.500204198718824156e-02
1.500204150958192248e-02
1.500204084026553891e-02
1.500203998819762963e-02
1.500203896842137313e-02
1.500203780331395113e-02
1.500203652385189920e-02
1.500203517078772288e-02
1.500203379559151770e-02
1.500203246097052238e-02
1.500203124074879837e-02
1.500203021888091640e-02
1.500202948740360885e-02
1.500202914321016080e-02
1.500202928367058708e-02
1.500203000130717959e-02
1.500203137794270218e-02
1.500203347892138141e-02
1.500203634810649313e-02
1.500204000433739797e-02
1.500204443986581822e-02
1.500204962100963255e-02
1.500205549092395278e-02
1.500206197407494453e-02
1.500206898178434167e-02
1.500207641813255423e-02
1.500208418556461115e-02
1.500209218969964821e-02
1.500210034304846549e-02
1.500210856754349321e-02
1.500211679594577047e-02
1.500212497229834983e-02
1.500213305164515079e-02
1.500214099924015131e-02
1.500214878944863481e-02
1.500215640450420877e-02
1.500216383324317823e-02
1.500217106989883663e-02
1.500217811300553691e-02
1.500218496443745525e-02
1.500219162858924815e-02
1.500219811169413442e-02
1.500220442126817301e-02
1.500221056566595698e-02
1.500221655373196530e-02
1.500222239453216644e-02
1.500222809715168713e-02
1.500223367054600090e-02
1.500223912343493643e-02
1.500224446423037601e-02
1.500224970099027673e-02
1.500225484139290286e-02
1.500225989272643140e-02
1.500226486189004844e-02
1.500226975540357686e-02
1.500227457942322068e-02
1.500227933976171733e-02
1.500228404191149278e-02
1.500228869106988092e-02
1.500229329216566307e-02
1.500229784988650963e-02
1.500230236870696982e-02
1.500230685291690895e-02
1.500231130665035176e-02
1.500231573391484427e-02
1.500232013862147148e-02
1.500232452461584300e-02
1.500232889571039008e-02
1.500233325571840963e-02
1.500233760849044827e-02
1.500234195795366668e-02
1.500234630815504983e-02
1.500235066330940677e-02
1.500235502785343678e-02
1.500235940650729641e-02
1.500236380434555317e-02
1.500236822687973058e-02
1.500237268015534690e-02
1.500237717086694463e-02
1.500238170649561414e-02
1.500238629547472752e-02
1.500239094739114383e-02
1.500239567323136645e-02
1.500240048568478313e-02
1.500240539952004890e-02
1.500241043205561772e-02
1.500241560375239862e-02
1.500242093896591612e-02
1.500242646690848683e-02
1.500243222289006535e-02
1.500243824993196216e-02
1.500244460088380992e-02
1.500245134122574556e-02
1.500245855281156192e-02
1.500246633891536008e-02
1.500247483109789365e-02
1.500248419863039334e-02
1.500249466152839967e-02
1.500250650868316382e-02
1.500252012314112586e-02
1.500253601720075158e-02
1.500255488034159430e-02
1.500257764201052245e-02
1.500260554593325392e-02
1.500264021490803172e-02
1.500268363575346479e-02
1.500273787437587415e-02
1.500280409564595449e-02
1.500288021275555071e-02
1.500295702332680482e-02
1.500301589113880660e-02
1.500303556177674455e-02
1.500300864149422229e-02
1.500294880203011452e-02
1.500287799877577169e-02
1.500281192216302260e-02
1.500275699760363589e-02
1.500271388279019597e-02
1.500268094193048761e-02
1.500265607359535514e-02
1.500263739806590238e-02
1.500262342135914514e-02
1.500261301114835279e-02
1.500260532451194555e-02
1.500259973634437798e-02
1.500259578147359468e-02
1.500259311124999342e-02
1.500259146198906941e-02
1.500259063229508055e-02
1.500259046679358436e-02
1.500259084441913499e-02
1.500259166992736273e-02
1.500259286769388065e-02
1.500259437714371313e-02
1.500259614935151205e-02
1.500259814448952345e-02
1.500260032989448981e-02
1.500260267859065792e-02
1.500260516815167880e-02
1.500260777981656489e-02
1.500261049779770539e-02
1.500261330873519858e-02
1.500261620126357685e-02
1.500261916566547268e-02
1.500262219359303241e-02
1.500262527784248894e-02
1.500262841217070084e-02
1.500263159114506410e-02
1.500263481002006224e-02
1.500263806463525591e-02
1.500264135133061623e-02
1.500264466687589206e-02
1.500264800841152359e-02
1.500265137339892689e-02
1.500265475957859689e-02
1.500265816493460101e-02
1.500266158766445229e-02
1.500266502615340246e-02
1.500266847895250638e-02
1.500267194475979685e-02
1.500267542240411867e-02
1.500267891083119018e-02
1.500268240909157641e-02
1.500268591633027900e-02
1.500268943177768440e-02
1.500269295474171254e-02
1.500269648460098026e-02
1.500270002079882176e-02
1.500270356283804445e-02
1.500270711027638579e-02
1.500271066272245400e-02
1.500271421983222046e-02
1.500271778130589199e-02
1.500272134688517001e-02
1.500272491635080280e-02
1.500272848952045532e-02
1.500273206624677495e-02
1.500273564641571751e-02
1.500273922994501546e-02
1.500274281678283528e-02
1.500274640690658044e-02
1.500275000032181422e-02
1.500275359706128644e-02
1.500275719718408354e-02
1.500276080077484614e-02
1.500276440794308039e-02
1.500276801882253867e-02
1.500277163357066623e-02
1.500277525236809982e-02
1.500277887541822883e-02
1.500278250294681190e-02
1.500278613520162653e-02
1.500278977245215507e-02
1.500279341498935402e-02
1.500279706312539728e-02
1.500280071719349746e-02
1.500280437754775327e-02
1.500280804456300202e-02
1.500281171863473810e-02
1.500281540017901066e-02
1.500281908963237675e-02
1.500282278745186312e-02
1.500282649411492121e-02
1.500283021011941317e-02
1.500283393598359112e-02
1.500283767224607455e-02
1.500284141946581738e-02
1.500284517822204552e-02
1.500284894911418573e-02
1.500285273276173031e-02
1.500285652980406018e-02
1.500286034090020891e-02
1.500286416672850717e-02
1.500286800798616461e-02
1.500287186538868701e-02
1.500287573966915811e-02
1.500287963157733231e-02
1.500288354187851413e-02
1.500288747135218072e-02
1.500289142079030795e-02
1.500289539099537370e-02
1.500289938277793444e-02
1.500290339695379248e-02
1.500290743434062012e-02
1.500291149575402189e-02
1.500291558200291496e-02
1.500291969388420181e-02
1.500292383217658766e-02
1.500292799763349241e-02
1.500293219097492518e-02
1.500293641287823998e-02
1.500294066396767358e-02
1.500294494480250082e-02
1.500294925586379176e-02
1.500295359753958668e-02
1.500295797010845616e-02
1.500296237372132808e-02
1.500296680838157648e-02
1.500297127392330454e-02
1.500297576998788594e-02
1.500298029599877320e-02
1.500298485113480025e-02
1.500298943430208518e-02
1.500299404410493365e-02
1.500299867881609191e-02
1.500300333634690432e-02
1.500300801421807634e-02
1.500301270953180444e-02
1.500301741894630864e-02
1.500302213865385183e-02
1.500302686436353998e-02
1.500303159129032227e-02
1.500303631415164304e-02
1.500304102717336593e-02
1.500304572410645840e-02
1.500305039825590783e-02
1.500305504252313557e-02
1.500305964946288539e-02
1.500306421135513824e-02
1.500306872029211029e-02
1.500307316827974996e-02
1.500307754735243602e-02
1.500308184969881276e-02
1.500308606779592567e-02
1.500309019454807401e-02
1.500309422342620096e-02
1.500309814860314832e-02
1.500310196507985590e-02
1.500310566879764496e-02
1.500310925673199389e-02
1.500311272696381280e-02
1.500311607872512921e-02
1.500311931241711354e-02
1.500312242959967075e-02
1.500312543295301108e-02
1.500312832621296909e-02
1.500313111408289012e-02
1.500313380212584154e-02
1.500313639664162604e-02
1.500313890453339877e-02
1.500314133316882868e-02
1.500314369024057133e-02
1.500314598363036711e-02
1.500314822128054858e-02
1.500315041107598557e-02
1.500315256073877189e-02
1.500315467773709159e-02
1.500315676920913228e-02
1.500315884190205930e-02
1.500316090212569335e-02
1.500316295571999144e-02
1.500316500803510616e-02
1.500316706392265317e-02
1.500316912773666522e-02
1.500317120334263184e-02
1.500317329413314478e-02
1.500317540304870259e-02
1.500317753260236101e-02
1.500317968490705312e-02
1.500318186170458874e-02
1.500318406439542923e-02
1.500318629406856286e-02
1.500318855153090838e-02
1.500319083733575934e-02
1.500319315181000701e-02
1.500319549507983172e-02
1.500319786709474953e-02
1.500320026764994166e-02
1.500320269640679181e-02
1.500320515291166286e-02
1.500320763661296304e-02
1.500321014687656766e-02
1.500321268299967259e-02
1.500321524422318538e-02
1.500321782974275292e-02
1.500322043871853660e-02
1.500322307028384775e-02
1.500322572355271278e-02
1.500322839762653106e-02
1.500323109159984285e-02
1.500323380456535828e-02
1.500323653561831845e-02
1.500323928386020425e-02
1.500324204840196470e-02
1.500324482836673523e-02
1.500324762289215012e-02
1.500325043113230096e-02
1.500325325225933606e-02
1.500325608546482746e-02
1.500325892996084466e-02
1.500326178498084286e-02
1.500326464978034638e-02
1.500326752363746220e-02
1.500327040585325809e-02
1.500327329575200201e-02
1.500327619268128528e-02
1.500327909601203470e-02
1.500328200513844669e-02
1.500328491947781027e-02
1.500328783847027642e-02
1.500329076157851625e-02
1.500329368828734120e-02
1.500329661810322936e-02
1.500329955055377737e-02
1.500330248518710712e-02
1.500330542157116490e-02
1.500330835929299458e-02
1.500331129795787720e-02
1.500331423718844967e-02
1.500331717662369349e-02
1.500332011591786266e-02
1.500332305473932488e-02
1.500332599276926054e-02
1.500332892970029745e-02
1.500333186523502074e-02
1.500333479908432487e-02
1.500333773096566327e-02
1.500334066060111590e-02
1.500334358771531103e-02
1.500334651203312671e-02
1.500334943327720841e-02
1.500335235116523856e-02
1.500335526540692160e-02
1.500335817570068626e-02
1.500336108173002531e-02
1.500336398315943974e-02
1.500336687962992160e-02
1.500336977075391286e-02
1.500337265610963283e-02
1.500337553523469793e-02
1.500337840761890688e-02
1.500338127269600953e-02
1.500338412983435836e-02
1.500338697832612894e-02
1.500338981737492881e-02
1.500339264608144610e-02
1.500339546342675107e-02
1.500339826825275273e-02
1.500340105923927275e-02
1.500340383487693691e-02
1.500340659343503413e-02
1.500340933292314272e-02
1.500341205104511154e-02
1.500341474514355587e-02
1.500341741213253796e-02
1.500342004841538276e-02
1.500342264978379858e-02
1.500342521129317992e-02
1.500342772710744864e-02
1.500343019030458448e-02
1.500343259263100734e-02
1.500343492418889681e-02
1.500343717303462450e-02
1.500343932465832489e-02
1.500344136130273530e-02
1.500344326106217187e-02
1.500344499667705979e-02
1.500344653390111097e-02
1.500344782925999015e-02
1.500344882692974252e-02
1.500344945431983726e-02
1.500344961571442592e-02
1.500344918294242366e-02
1.500344798139952376e-02
1.500344576861862081e-02
1.500344220057092844e-02
1.500343677716691262e-02
1.500342875136371178e-02
1.500341697242736812e-02
1.500339960595415030e-02
1.500337361611385478e-02
1.500333378172881774e-02
1.500327082677718402e-02
1.500316820351156426e-02
1.500299934938241139e-02
1.500274398579857886e-02
1.500248743147895684e-02
1.500248915643651558e-02
1.500275096409207226e-02
1.500301312922977699e-02
1.500318883802363029e-02
1.500329808096511654e-02
1.500336748552533357e-02
1.500341367148708485e-02
1.500344595748663752e-02
1.500346958774704219e-02
1.500348761060583264e-02
1.500350186744566459e-02
1.500351351302128822e-02
1.500352329676044733e-02
1.500353172019999737e-02
1.500353912825970644e-02
1.500354576395663761e-02
1.500355180222962860e-02
1.500355737144432738e-02
1.500356256741780178e-02
1.500356746277786701e-02
1.500357211334091279e-02
1.500357656254126468e-02
1.500358084456109714e-02
1.500358498657729071e-02
1.500358901039795453e-02
1.500359293367033858e-02
1.500359677078340163e-02
1.500360053354987677e-02
1.500360423172713425e-02
1.500360787341880643e-02
1.500361146538727736e-02
1.500361501329882004e-02
1.500361852191745005e-02
1.500362199525924305e-02
1.500362543671607089e-02
1.500362884915537251e-02
1.500363223500106140e-02
1.500363559629946768e-02
1.500363893477330533e-02
1.500364225186604124e-02
1.500364554877844751e-02
1.500364882649879959e-02
1.500365208582787706e-02
1.500365532739965022e-02
1.500365855169836192e-02
1.500366175907265516e-02
1.500366494974711244e-02
1.500366812383166840e-02
1.500367128132916450e-02
1.500367442214129397e-02
1.500367754607311380e-02
1.500368065283635109e-02
1.500368374205153510e-02
1.500368681324912648e-02
1.500368986586970640e-02
1.500369289926324103e-02
1.500369591268754105e-02
1.500369890530584699e-02
1.500370187618366158e-02
1.500370482428473734e-02
1.500370774846627661e-02
1.500371064747329890e-02
1.500371351993218250e-02
1.500371636434332141e-02
1.500371917907288195e-02
1.500372196234362084e-02
1.500372471222473532e-02
1.500372742662067251e-02
1.500373010325890821e-02
1.500373273967662430e-02
1.500373533320627402e-02
1.500373788096001637e-02
1.500374037981307834e-02
1.500374282638599829e-02
1.500374521702592216e-02
1.500374754778707395e-02
1.500374981441055661e-02
1.500375201230391524e-02
1.500375413652081658e-02
1.500375618174152811e-02
1.500375814225504180e-02
1.500376001194394376e-02
1.500376178427359833e-02
1.500376345228750588e-02
1.500376500861146448e-02
1.500376644546970624e-02
1.500376775471709903e-02
1.500376892789265053e-02
1.500376995630056491e-02
1.500377083112679893e-02
1.500377154360045887e-02
1.500377208521130705e-02
1.500377244799622374e-02
1.500377262490922015e-02
1.500377261029056664e-02
1.500377240045077526e-02
1.500377199438360579e-02
1.500377139461826770e-02
1.500377060821302642e-02
1.500376964787969447e-02
1.500376853320912508e-02
1.500376729194112871e-02
1.500376596118796826e-02
1.500376458848039739e-02
1.500376323246325160e-02
1.500376196303188255e-02
1.500376086068268625e-02
1.500376001486550433e-02
1.500375952118698959e-02
1.500375947743176966e-02
1.500375997853962626e-02
1.500376111088144379e-02
1.500376294637465434e-02
1.500376553711734937e-02
1.500376891124786081e-02
1.500377307062432559e-02
1.500377799067429893e-02
1.500378362243748494e-02
1.500378989649226065e-02
1.500379672819729220e-02
1.500380402354817809e-02
1.500381168495878818e-02
1.500381961640331711e-02
1.500382772754821001e-02
1.500383593670942192e-02
1.500384417264816195e-02
1.500385237534341241e-02
1.500386049594834049e-02
1.500386849615757343e-02
1.500387634719782363e-02
1.500388402862025405e-02
1.500389152703125381e-02
1.500389883485765512e-02
1.500390594920710148e-02
1.500391287085661371e-02
1.500391960338211955e-02
1.500392615242807266e-02
1.500393252510786798e-02
1.500393872952122433e-02
1.500394477437295461e-02
1.500395066867741059e-02
1.500395642153391600e-02
1.500396204196007346e-02
1.500396753877148402e-02
1.500397292049829821e-02
1.500397819533054976e-02
1.500398337108573878e-02
1.500398845519341703e-02
1.500399345469257198e-02
1.500399837623846155e-02
1.500400322611643820e-02
1.500400801026067002e-02
1.500401273427637468e-02
1.500401740346439007e-02
1.500402202284730965e-02
1.500402659719665861e-02
1.500403113106070323e-02
1.500403562879274420e-02
1.500404009457982982e-02
1.500404453247189407e-02
1.500404894641154188e-02
1.500405334026463401e-02
1.500405771785210014e-02
1.500406208298326813e-02
1.500406643949136858e-02
1.500407079127174040e-02
1.500407514232355438e-02
1.500407949679597765e-02
1.500408385903992045e-02
1.500408823366672015e-02
1.500409262561549703e-02
1.500409704023126720e-02
1.500410148335641104e-02
1.500410596143880206e-02
1.500411048166069850e-02
1.500411505209360563e-02
1.500411968188582537e-02
1.500412438149126282e-02
1.500412916295058852e-02
1.500413404023929337e-02
1.500413902970165921e-02
1.500414415059589043e-02
1.500414942578407601e-02
1.500415488261223375e-02
1.500416055404193288e-02
1.500416648011744167e-02
1.500417270988438877e-02
1.500417930392113075e-02
1.500418633770906479e-02
1.500419390616141574e-02
1.500420212976495693e-02
1.500421116298350857e-02
1.500422120585007991e-02
1.500423252006356616e-02
1.500424545142468695e-02
1.500426046106233952e-02
1.500427816841212042e-02
1.500429940860158358e-02
1.500432530366936634e-02
1.500435733520541146e-02
1.500439737133439297e-02
1.500444751236265639e-02
1.500450942815139722e-02
1.500458257827175582e-02
1.500466078714633375e-02
1.500472867751578496e-02
1.500476433262805734e-02
1.500475355098265275e-02
1.500470304587193590e-02
1.500463388757096971e-02
1.500456496259309699e-02
1.500450576394443854e-02
1.500445854337205051e-02
1.500442219717348924e-02
1.500439466978030316e-02
1.500437396653754758e-02
1.500435845291522678e-02
1.500434687452317783e-02
1.500433829350766336e-02
1.500433201414227632e-02
1.500432751961498778e-02
1.500432442366748421e-02
1.500432243514873004e-02
1.500432133247439452e-02
1.500432094530717957e-02
1.500432114138924855e-02
1.500432181702392523e-02
1.500432289014263544e-02
1.500432429521113276e-02
1.500432597945297250e-02
1.500432790002383804e-02
1.500433002187803039e-02
1.500433231614333070e-02
1.500433475887246945e-02
1.500433733007607191e-02
1.500434001296771860e-02
1.500434279337018589e-02
1.500434565924514164e-02
1.500434860031807371e-02
1.500435160777728247e-02
1.500435467403078878e-02
1.500435779250892422e-02
1.500436095750311456e-02
1.500436416403351340e-02
1.500436740773984125e-02
1.500437068479087803e-02
1.500437399180913622e-02
1.500437732580786609e-02
1.500438068413820908e-02
1.500438406444463448e-02
1.500438746462728901e-02
1.500439088281004321e-02
1.500439431731328752e-02
1.500439776663071642e-02
1.500440122940944511e-02
1.500440470443293282e-02
1.500440819060630364e-02
1.500441168694365002e-02
1.500441519255707283e-02
1.500441870664717334e-02
1.500442222849479243e-02
1.500442575745381500e-02
1.500442929294490413e-02
1.500443283445000546e-02
1.500443638150756112e-02
1.500443993370829433e-02
1.500444349069149710e-02
1.500444705214177069e-02
1.500445061778617369e-02
1.500445418739165294e-02
1.500445776076280748e-02
1.500446133773989353e-02
1.500446491819706039e-02
1.500446850204075443e-02
1.500447208920833650e-02
1.500447567966681564e-02
1.500447927341173014e-02
1.500448287046614489e-02
1.500448647087976664e-02
1.500449007472812006e-02
1.500449368211184166e-02
1.500449729315601888e-02
1.500450090800964018e-02
1.500450452684505033e-02
1.500450814985749594e-02
1.500451177726473857e-02
1.500451540930666620e-02
1.500451904624499136e-02
1.500452268836297703e-02
1.500452633596518690e-02
1.500452998937728752e-02
1.500453364894588706e-02
1.500453731503837915e-02
1.500454098804283876e-02
1.500454466836793552e-02
1.500454835644285910e-02
1.500455205271728452e-02
1.500455575766131491e-02
1.500455947176547976e-02
1.500456319554070890e-02
1.500456692951829436e-02
1.500457067424989036e-02
1.500457443030744041e-02
1.500457819828312014e-02
1.500458197878922623e-02
1.500458577245801159e-02
1.500458957994147725e-02
1.500459340191106009e-02
1.500459723905723901e-02
1.500460109208901112e-02
1.500460496173323596e-02
1.500460884873378725e-02
1.500461275385052244e-02
1.500461667785798862e-02
1.500462062154388383e-02
1.500462458570715578e-02
1.500462857115575366e-02
1.500463257870395146e-02
1.500463660916916651e-02
1.500464066336822284e-02
1.500464474211301961e-02
1.500464884620543102e-02
1.500465297643146546e-02
1.500465713355450363e-02
1.500466131830755466e-02
1.500466553138444896e-02
1.500466977342978722e-02
1.500467404502764564e-02
1.500467834668882394e-02
1.500468267883660681e-02
1.500468704179091020e-02
1.500469143575075201e-02
1.500469586077494803e-02
1.500470031676107326e-02
1.500470480342258953e-02
1.500470932026430095e-02
1.500471386655615608e-02
1.500471844130563462e-02
1.500472304322895967e-02
1.500472767072153629e-02
1.500473232182807787e-02
1.500473699421305332e-02
1.500474168513223593e-02
1.500474639140624011e-02
1.500475110939715299e-02
1.500475583498946976e-02
1.500476056357667211e-02
1.500476529005497286e-02
1.500477000882572375e-02
1.500477471380805110e-02
1.500477939846322356e-02
1.500478405583207525e-02
1.500478867858660685e-02
1.500479325909645327e-02
1.500479778951049718e-02
1.500480226185325894e-02
1.500480666813505150e-02
1.500481100047407028e-02
1.500481525122794590e-02
1.500481941313133380e-02
1.500482347943562882e-02
1.500482744404626687e-02
1.500483130165273550e-02
1.500483504784642756e-02
1.500483867922154484e-02
1.500484219345488320e-02
1.500484558936100547e-02
1.500484886692039256e-02
1.500485202727923524e-02
1.500485507272098645e-02
1.500485800661083280e-02
1.500486083331560236e-02
1.500486355810260776e-02
1.500486618702154447e-02
1.500486872677431888e-02
1.500487118457757493e-02
1.500487356802292054e-02
1.500487588493924079e-02
1.500487814326116782e-02
1.500488035090695969e-02
1.500488251566839924e-02
1.500488464511444062e-02
1.500488674650965470e-02
1.500488882674783260e-02
1.500489089230043829e-02
1.500489294917925313e-02
1.500489500291206715e-02
1.500489705853010058e-02
1.500489912056562555e-02
1.500490119305829782e-02
1.500490327956858876e-02
1.500490538319689156e-02
1.500490750660692790e-02
1.500490965205224583e-02
1.500491182140470739e-02
1.500491401618407258e-02
1.500491623758792685e-02
1.500491848652129104e-02
1.500492076362546813e-02
1.500492306930573116e-02
1.500492540375759215e-02
1.500492776699144382e-02
1.500493015885552388e-02
1.500493257905708561e-02
1.500493502718180938e-02
1.500493750271148473e-02
1.500494000503999753e-02
1.500494253348775078e-02
1.500494508731456400e-02
1.500494766573117963e-02
1.500495026790947366e-02
1.500495289299149868e-02
1.500495554009741335e-02
1.500495820833244731e-02
1.500496089679300218e-02
1.500496360457191647e-02
1.500496633076306083e-02
1.500496907446528805e-02
1.500497183478579841e-02
1.500497461084306962e-02
1.500497740176928198e-02
1.500498020671240523e-02
1.500498302483792984e-02
1.500498585533031025e-02
1.500498869739413932e-02
1.500499155025509027e-02
1.500499441316068862e-02
1.500499728538087427e-02
1.500500016620843514e-02
1.500500305495927611e-02
1.500500595097259936e-02
1.500500885361095472e-02
1.500501176226018765e-02
1.500501467632932295e-02
1.500501759525032890e-02
1.500502051847783444e-02
1.500502344548875280e-02
1.500502637578183911e-02
1.500502930887718557e-02
1.500503224431561783e-02
1.500503518165806002e-02
1.500503812048480275e-02
1.500504106039469293e-02
1.500504400100426128e-02
1.500504694194676122e-02
1.500504988287111943e-02
1.500505282344080302e-02
1.500505576333257575e-02
1.500505870223515885e-02
1.500506163984778076e-02
1.500506457587859853e-02
1.500506751004297007e-02
1.500507044206160316e-02
1.500507337165852932e-02
1.500507629855888335e-02
1.500507922248649380e-02
1.500508214316123579e-02
1.500508506029615136e-02
1.500508797359421248e-02
1.500509088274485162e-02
1.500509378742000653e-02
1.500509668726981646e-02
1.500509958191774927e-02
1.500510247095518911e-02
1.500510535393531630e-02
1.500510823036620839e-02
1.500511109970301474e-02
1.500511396133900888e-02
1.500511681459535882e-02
1.500511965870937776e-02
1.500512249282089615e-02
1.500512531595647042e-02
1.500512812701094122e-02
1.500513092472578400e-02
1.500513370766363985e-02
1.500513647417809314e-02
1.500513922237770199e-02
1.500514195008294596e-02
1.500514465477438379e-02
1.500514733352991716e-02
1.500514998294836914e-02
1.500515259905590634e-02
1.500515517719059298e-02
1.500515771185916350e-02
1.500516019655791927e-02
1.500516262354721977e-02
1.500516498356517167e-02
1.500516726546115114e-02
1.500516945572242730e-02
1.500517153785682276e-02
1.500517349157930169e-02
1.500517529172825867e-02
1.500517690680429166e-02
1.500517829697427426e-02
1.500517941130640603e-02
1.500518018388077510e-02
1.500518052822572869e-02
1.500518032921191458e-02
1.500517943100163412e-02
1.500517761873126910e-02
1.500517458997636770e-02
1.500516990908081633e-02
1.500516293184951493e-02
1.500515267726989024e-02
1.500513760127458220e-02
1.500511518338294367e-02
1.500508114748215320e-02
1.500502797256675694e-02
1.500494217764818637e-02
1.500480072628721483e-02
1.500457577541170449e-02
1.500429570887101827e-02
1.500417769946530040e-02
1.500437577804051952e-02
1.500465906210524461e-02
1.500486577709544099e-02
1.500499545588114547e-02
1.500507679308771616e-02
1.500512997010545156e-02
1.500516649657657360e-02
1.500519280508705831e-02
1.500521258604738811e-02
1.500522803768099094e-02
1.500524052040427651e-02
1.500525090660647515e-02
1.500525977391457648e-02
1.500526751583414892e-02
1.500527440729542208e-02
1.500528064473839220e-02
1.500528637134930336e-02
1.500529169337305388e-02
1.500529669091196262e-02
1.500530142523089083e-02
1.500530594379699892e-02
1.500531028381946533e-02
1.500531447477648425e-02
1.500531854024650044e-02
1.500532249925354104e-02
1.500532636726813543e-02
1.500533015696070907e-02
1.500533387877481251e-02
1.500533754136760406e-02
1.500534115195148975e-02
1.500534471656138173e-02
1.500534824026539954e-02
1.500535172733226223e-02
1.500535518136512751e-02
1.500535860540931112e-02
1.500536200203948095e-02
1.500536537343056566e-02
1.500536872141574642e-02
1.500537204753401264e-02
1.500537535306935288e-02
1.500537863908308310e-02
1.500538190644059959e-02
1.500538515583352273e-02
1.500538838779798788e-02
1.500539160272979129e-02
1.500539480089679509e-02
1.500539798244908234e-02
1.500540114742712067e-02
1.500540429576828309e-02
1.500540742731185095e-02
1.500541054180272622e-02
1.500541363889397115e-02
1.500541671814830877e-02
1.500541977903861041e-02
1.500542282094751399e-02
1.500542584316614733e-02
1.500542884489204296e-02
1.500543182522622726e-02
1.500543478316951167e-02
1.500543771761798581e-02
1.500544062735767632e-02
1.500544351105839551e-02
1.500544636726670530e-02
1.500544919439801561e-02
1.500545199072774241e-02
1.500545475438149617e-02
1.500545748332428320e-02
1.500546017534865745e-02
1.500546282806178647e-02
1.500546543887141572e-02
1.500546800497072446e-02
1.500547052332205228e-02
1.500547299063953802e-02
1.500547540337075249e-02
1.500547775767742051e-02
1.500548004941544382e-02
1.500548227411450074e-02
1.500548442695760765e-02
1.500548650276121825e-02
1.500548849595664466e-02
1.500549040057377707e-02
1.500549221022849308e-02
1.500549391811554188e-02
1.500549551700919824e-02
1.500549699927462323e-02
1.500549835689378789e-02
1.500549958151059342e-02
1.500550066450118993e-02
1.500550159707675878e-02
1.500550237042756405e-02
1.500550297591886004e-02
1.500550340535093674e-02
1.500550365129735102e-02
1.500550370753656569e-02
1.500550356959286236e-02
1.500550323540159221e-02
1.500550270611057842e-02
1.500550198702341360e-02
1.500550108867932698e-02
1.500550002804749462e-02
1.500549882978979670e-02
1.500549752751423327e-02
1.500549616490291435e-02
1.500549479655654064e-02
1.500549348835803452e-02
1.500549231713207803e-02
1.500549136937839693e-02
1.500549073889947439e-02
1.500549052324054791e-02
1.500549081901303081e-02
1.500549171636888016e-02
1.500549329309955153e-02
1.500549560899929781e-02
1.500549870120529601e-02
1.500550258116617637e-02
1.500550723369006856e-02
1.500551261821786268e-02
1.500551867212726424e-02
1.500552531557945712e-02
1.500553245723879395e-02
1.500554000015614370e-02
1.500554784719559942e-02
1.500555590556001961e-02
1.500556409017807756e-02
1.500557232590733932e-02
1.500558054865332169e-02
1.500558870559321953e-02
1.500559675472895593e-02
1.500560466399033718e-02
1.500561241008039129e-02
1.500561997721490230e-02
1.500562735586626582e-02
1.500563454158435409e-02
1.500564153393641603e-02
1.500564833558530771e-02
1.500565495150936110e-02
1.500566138835712944e-02
1.500566765392442187e-02
1.500567375673840867e-02
1.500567970573302504e-02
1.500568551000045978e-02
1.500569117860506285e-02
1.500569672044760501e-02
1.500570214416958176e-02
1.500570745808902512e-02
1.500571267016079235e-02
1.500571778795557580e-02
1.500572281865309929e-02
1.500572776904592585e-02
1.500573264555101101e-02
1.500573745422688517e-02
1.500574220079476349e-02
1.500574689066238969e-02
1.500575152894970642e-02
1.500575612051569842e-02
1.500576066998601452e-02
1.500576518178111697e-02
1.500576966014482462e-02
1.500577410917331919e-02
1.500577853284465815e-02
1.500578293504906818e-02
1.500578731962024480e-02
1.500579169036812127e-02
1.500579605111351973e-02
1.500580040572529680e-02
1.500580475816074011e-02
1.500580911251001189e-02
1.500581347304573779e-02
1.500581784427906795e-02
1.500582223102367788e-02
1.500582663846976653e-02
1.500583107227042128e-02
1.500583553864333688e-02
1.500584004449173441e-02
1.500584459754924702e-02
1.500584920655487556e-02
1.500585388146587380e-02
1.500585863371869944e-02
1.500586347655115740e-02
1.500586842540303431e-02
1.500587349841802851e-02
1.500587871707725375e-02
1.500588410700504430e-02
1.500588969900203649e-02
1.500589553038057800e-02
1.500590164670561645e-02
1.500590810408418060e-02
1.500591497220359061e-02
1.500592233840039764e-02
1.500593031316035941e-02
1.500593903762012342e-02
1.500594869388626601e-02
1.500595951933324929e-02
1.500597182651343398e-02
1.500598603090348704e-02
1.500600268930331674e-02
1.500602255182846567e-02
1.500604662865133269e-02
1.500607626493410431e-02
1.500611319340968905e-02
1.500615946980627009e-02
1.500621704738043863e-02
1.500628648228795152e-02
1.500636410118523674e-02
1.500643804136342525e-02
1.500648768322365365e-02
1.500649397062705538e-02
1.500645569099533921e-02
1.500639067238807717e-02
1.500632009421033405e-02
1.500625687630689070e-02
1.500620538907711764e-02
1.500616536615763906e-02
1.500613492162505141e-02
1.500611198079512300e-02
1.500609476970154663e-02
1.500608190322500445e-02
1.500607233889741932e-02
1.500606530225011975e-02
1.500606021864835798e-02
1.500605665970233121e-02
1.500605430353765118e-02
1.500605290604524814e-02
1.500605228024515583e-02
1.500605228147220381e-02
1.500605279669189537e-02
1.500605373674043612e-02
1.500605503064131492e-02
1.500605662140536666e-02
1.500605846289850692e-02
1.500606051748435907e-02
1.500606275423417395e-02
1.500606514755572010e-02
1.500606767613434436e-02
1.500607032210858095e-02
1.500607307042347779e-02
1.500607590831963024e-02
1.500607882492669201e-02
1.500608181093784216e-02
1.500608485834750531e-02
1.500608796023872836e-02
1.500609111060992144e-02
1.500609430423286220e-02
1.500609753653575802e-02
1.500610080350650404e-02
1.500610410161224047e-02
1.500610742773223101e-02
1.500611077910157798e-02
1.500611415326388171e-02
1.500611754803123435e-02
1.500612096145036330e-02
1.500612439177379138e-02
1.500612783743529056e-02
1.500613129702884664e-02
1.500613476929064591e-02
1.500613825308357019e-02
1.500614174738382212e-02
1.500614525126937708e-02
1.500614876390998255e-02
1.500615228455846190e-02
1.500615581254316488e-02
1.500615934726136878e-02
1.500616288817354337e-02
1.500616643479829246e-02
1.500616998670795295e-02
1.500617354352473155e-02
1.500617710491725446e-02
1.500618067059760266e-02
1.500618424031862318e-02
1.500618781387160275e-02
1.500619139108417231e-02
1.500619497181846125e-02
1.500619855596946328e-02
1.500620214346355501e-02
1.500620573425720874e-02
1.500620932833581465e-02
1.500621292571263816e-02
1.500621652642789017e-02
1.500622013054789608e-02
1.500622373816432389e-02
1.500622734939354233e-02
1.500623096437599807e-02
1.500623458327568147e-02
1.500623820627966683e-02
1.500624183359764580e-02
1.500624546546159080e-02
1.500624910212540117e-02
1.500625274386461344e-02
1.500625639097616197e-02
1.500626004377814300e-02
1.500626370260965160e-02
1.500626736783062555e-02
1.500627103982171175e-02
1.500627471898418816e-02
1.500627840573987189e-02
1.500628210053107231e-02
1.500628580382055814e-02
1.500628951609151752e-02
1.500629323784754415e-02
1.500629696961261646e-02
1.500630071193107158e-02
1.500630446536756375e-02
1.500630823050700530e-02
1.500631200795447297e-02
1.500631579833507090e-02
1.500631960229372591e-02
1.500632342049492557e-02
1.500632725362235388e-02
1.500633110237842120e-02
1.500633496748364493e-02
1.500633884967589142e-02
1.500634274970939763e-02
1.500634666835359322e-02
1.500635060639164339e-02
1.500635456461868120e-02
1.500635854383970506e-02
1.500636254486704263e-02
1.500636656851737569e-02
1.500637061560820135e-02
1.500637468695372768e-02
1.500637878336005641e-02
1.500638290561962136e-02
1.500638705450476479e-02
1.500639123076036481e-02
1.500639543509541332e-02
1.500639966817344205e-02
1.500640393060166319e-02
1.500640822291877084e-02
1.500641254558124013e-02
1.500641689894807902e-02
1.500642128326388006e-02
1.500642569864020330e-02
1.500643014503511355e-02
1.500643462223101056e-02
1.500643912981064650e-02
1.500644366713151448e-02
1.500644823329872271e-02
1.500645282713658664e-02
1.500645744715930346e-02
1.500646209154111489e-02
1.500646675808657571e-02
1.500647144420159083e-02
1.500647614686613507e-02
1.500648086260964430e-02
1.500648558749022830e-02
1.500649031707909122e-02
1.500649504645150227e-02
1.500649977018591111e-02
1.500650448237273414e-02
1.500650917663434204e-02
1.500651384615764132e-02
1.500651848374047123e-02
1.500652308185267646e-02
1.500652763271228055e-02
1.500653212837662481e-02
1.500653656084775626e-02
1.500654092219047553e-02
1.500654520466082262e-02
1.500654940084191966e-02
1.500655350378341836e-02
1.500655750714021200e-02
1.500656140530563440e-02
1.500656519353423847e-02
1.500656886804931957e-02
1.500657242613072199e-02
1.500657586617922153e-02
1.500657918775458177e-02
1.500658239158562078e-02
1.500658547955182991e-02
1.500658845463737241e-02
1.500659132085945500e-02
1.500659408317432490e-02
1.500659674736470536e-02
1.500659931991342108e-02
1.500660180786799087e-02
1.500660421870113337e-02
1.500660656017183819e-02
1.500660884019121809e-02
1.500661106669665991e-02
1.500661324753716809e-02
1.500661539037190240e-02
1.500661750258323879e-02
1.500661959120492064e-02
1.500662166286522922e-02
1.500662372374463906e-02
1.500662577954695737e-02
1.500662783548270367e-02
1.500662989626322386e-02
1.500663196610408333e-02
1.500663404873610850e-02
1.500663614742262474e-02
1.500663826498145614e-02
1.500664040381045200e-02
1.500664256591534990e-02
1.500664475293909429e-02
1.500664696619168938e-02
1.500664920667999468e-02
1.500665147513690657e-02
1.500665377204948164e-02
1.500665609768574160e-02
1.500665845211992741e-02
1.500666083525607417e-02
1.500666324684981311e-02
1.500666568652843022e-02
1.500666815380915717e-02
1.500667064811576044e-02
1.500667316879351378e-02
1.500667571512264396e-02
1.500667828633029874e-02
1.500668088160124480e-02
1.500668350008730126e-02
1.500668614091564892e-02
1.500668880319615262e-02
1.500669148602773971e-02
1.500669418850397903e-02
1.500669690971788775e-02
1.500669964876610342e-02
1.500670240475248350e-02
1.500670517679114462e-02
1.500670796400908370e-02
1.500671076554838113e-02
1.500671358056804815e-02
1.500671640824557257e-02
1.500671924777818682e-02
1.500672209838389490e-02
1.500672495930229292e-02
1.500672782979520746e-02
1.500673070914716918e-02
1.500673359666575626e-02
1.500673649168178525e-02
1.500673939354941859e-02
1.500674230164614383e-02
1.500674521537267644e-02
1.500674813415277427e-02
1.500675105743297030e-02
1.500675398468221886e-02
1.500675691539149481e-02
1.500675984907329230e-02
1.500676278526106959e-02
1.500676572350863325e-02
1.500676866338940783e-02
1.500677160449568996e-02
1.500677454643778615e-02
1.500677748884307952e-02
1.500678043135501676e-02
1.500678337363200825e-02
1.500678631534622248e-02
1.500678925618228153e-02
1.500679219583586112e-02
1.500679513401213978e-02
1.500679807042414569e-02
1.500680100479095079e-02
1.500680393683569321e-02
1.500680686628344876e-02
1.500680979285888388e-02
1.500681271628369513e-02
1.500681563627382330e-02
1.500681855253634990e-02
1.500682146476610933e-02
1.500682437264192273e-02
1.500682727582242949e-02
1.500683017394142428e-02
1.500683306660264595e-02
1.500683595337394018e-02
1.500683883378064673e-02
1.500684170729812104e-02
1.500684457334323235e-02
1.500684743126460760e-02
1.500685028033147371e-02
1.500685311972073388e-02
1.500685594850202816e-02
1.500685876562028211e-02
1.500686156987531342e-02
1.500686435989782158e-02
1.500686713412098354e-02
1.500686989074671851e-02
1.500687262770536781e-02
1.500687534260724057e-02
1.500687803268411016e-02
1.500688069471811138e-02
1.500688332495480129e-02
1.500688591899627250e-02
1.500688847166873827e-02
1.500689097685749436e-02
1.500689342729959012e-02
1.500689581432143767e-02
1.500689812750393218e-02
1.500690035425134537e-02
1.500690247923109309e-02
1.500690483130177541e-02
