1.499998633764552600e-02
1.499998802575333752e-02
1.499998910120046818e-02
1.499998982848599338e-02
1.499999011910190666e-02
1.499998985505983026e-02
1.499998887642927867e-02
1.499998696236015151e-02
1.499998380145954081e-02
1.499997894427296079e-02
1.499997172473846452e-02
1.499996112604060419e-02
1.499994554338265201e-02
1.499992234944097329e-02
1.499988707380610180e-02
1.499983183644875394e-02
1.499974252301897182e-02
1.499959529249759484e-02
1.499936332877369917e-02
1.499908591547303126e-02
1.499899353683957492e-02
1.499920913442451612e-02
1.499948864595181119e-02
1.499968803043210709e-02
1.499981275022571788e-02
1.499989119367459503e-02
1.499994268503742484e-02
1.499997819434629141e-02
1.500000386206367005e-02
1.500002322191800602e-02
1.500003838578760004e-02
1.500005066473689662e-02
1.500006090187786488e-02
1.500006965685055788e-02
1.500007731175140996e-02
1.500008413406247847e-02
1.500009031523406693e-02
1.500009599503121689e-02
1.500010127730354997e-02
1.500010624044448813e-02
1.500011094447867635e-02
1.500011543595914515e-02
1.500011975141166652e-02
1.500012391979686083e-02
1.500012796429647279e-02
1.500013190362711572e-02
1.500013575301864521e-02
1.500013952495126562e-02
1.500014322971683113e-02
1.500014687585051777e-02
1.500015047046586100e-02
1.500015401951701292e-02
1.500015752800567571e-02
1.500016100014553606e-02
1.500016443949385783e-02
1.500016784905742161e-02
1.500017123137831199e-02
1.500017458860374193e-02
1.500017792254312692e-02
1.500018123471495886e-02
1.500018452638540029e-02
1.500018779860015292e-02
1.500019105221081679e-02
1.500019428789672003e-02
1.500019750618295476e-02
1.500020070745527838e-02
1.500020389197235203e-02
1.500020705987571527e-02
1.500021021119784040e-02
1.500021334586850753e-02
1.500021646371971218e-02
1.500021956448928384e-02
1.500022264782335107e-02
1.500022571327774314e-02
1.500022876031843234e-02
1.500023178832105529e-02
1.500023479656960659e-02
1.500023778425426009e-02
1.500024075046841460e-02
1.500024369420491568e-02
1.500024661435149162e-02
1.500024950968534450e-02
1.500025237886693473e-02
1.500025522043288949e-02
1.500025803278801431e-02
1.500026081419638356e-02
1.500026356277146984e-02
1.500026627646524648e-02
1.500026895305626648e-02
1.500027159013665214e-02
1.500027418509797261e-02
1.500027673511601656e-02
1.500027923713443193e-02
1.500028168784729894e-02
1.500028408368069346e-02
1.500028642077335349e-02
1.500028869495666564e-02
1.500029090173426310e-02
1.500029303626162699e-02
1.500029509332627409e-02
1.500029706732933753e-02
1.500029895226955359e-02
1.500030074173105792e-02
1.500030242887682823e-02
1.500030400645009296e-02
1.500030546678675358e-02
1.500030680184266489e-02
1.500030800324056619e-02
1.500030906234274368e-02
1.500030997035676876e-02
1.500031071848329130e-02
1.500031129811658752e-02
1.500031170111030404e-02
1.500031192012246488e-02
1.500031194905517354e-02
1.500031178360477363e-02
1.500031142193728427e-02
1.500031086550074680e-02
1.500031011997930187e-02
1.500030919638268255e-02
1.500030811224734376e-02
1.500030689290090050e-02
1.500030557270940791e-02
1.500030419618811860e-02
1.500030281881438096e-02
1.500030150734281593e-02
1.500030033939867870e-02
1.500029940212899496e-02
1.500029878973819369e-02
1.500029859983627312e-02
1.500029892868512231e-02
1.500029986562687913e-02
1.500030148718293696e-02
1.500030385147270440e-02
1.500030699366430159e-02
1.500031092309709810e-02
1.500031562250571902e-02
1.500032104946437926e-02
1.500032713983131399e-02
1.500033381268655458e-02
1.500034097608576866e-02
1.500034853292414247e-02
1.500035638630199501e-02
1.500036444396380710e-02
1.500037262158969605e-02
1.500038084490714144e-02
1.500038905073187122e-02
1.500039718713100031e-02
1.500040521293372238e-02
1.500041309680868670e-02
1.500042081609707402e-02
1.500042835554991731e-02
1.500043570607666882e-02
1.500044286357489660e-02
1.500044982788117758e-02
1.500045660186089501e-02
1.500046319063938483e-02
1.500046960096698516e-02
1.500047584070520607e-02
1.500048191841867398e-02
1.500048784305708059e-02
1.500049362371206826e-02
1.500049926943552644e-02
1.500050478910729471e-02
1.500051019134222320e-02
1.500051548442812681e-02
1.500052067628767673e-02
1.500052577445865412e-02
1.500053078608807634e-02
1.500053571793666211e-02
1.500054057639087918e-02
1.500054536748044592e-02
1.500055009689969625e-02
1.500055477003155689e-02
1.500055939197330809e-02
1.500056396756349088e-02
1.500056850140954467e-02
1.500057299791599137e-02
1.500057746131298192e-02
1.500058189568532346e-02
1.500058630500203209e-02
1.500059069314667835e-02
1.500059506394876667e-02
1.500059942121661528e-02
1.500060376877215829e-02
1.500060811048831502e-02
1.500061245032961905e-02
1.500061679239701046e-02
1.500062114097787391e-02
1.500062550060257856e-02
1.500062987610919010e-02
1.500063427271827038e-02
1.500063869612028485e-02
1.500064315257859313e-02
1.500064764905200028e-02
1.500065219334162370e-02
1.500065679426843337e-02
1.500066146188931519e-02
1.500066620776213666e-02
1.500067104527312567e-02
1.500067599004424948e-02
1.500068106044388609e-02
1.500068627823177014e-02
1.500069166937982590e-02
1.500069726512521726e-02
1.500070310333244915e-02
1.500070923027028644e-02
1.500071570295028259e-02
1.500072259223235276e-02
1.500072998698709359e-02
1.500073799972615265e-02
1.500074677428749753e-02
1.500075649641418110e-02
1.500076740842069128e-02
1.500077982962326299e-02
1.500079418481039921e-02
1.500081104361252436e-02
1.500083117368498226e-02
1.500085560858248172e-02
1.500088572274784274e-02
1.500092328007631565e-02
1.500097035358901980e-02
1.500102885603805079e-02
1.500109914978203958e-02
1.500117707973801402e-02
1.500125003035551047e-02
1.500129694233893682e-02
1.500129956722356071e-02
1.500125840175443870e-02
1.500119219648738365e-02
1.500112177999160176e-02
1.500105933475180502e-02
1.500100873144287819e-02
1.500096949035245424e-02
1.500093967227837145e-02
1.500091721282085025e-02
1.500090036562953116e-02
1.500088777316036653e-02
1.500087841555167341e-02
1.500087153555533515e-02
1.500086657126690343e-02
1.500086310360941588e-02
1.500086081751667716e-02
1.500085947387917555e-02
1.500085888941502313e-02
1.500085892221817568e-02
1.500085946133189636e-02
1.500086041917187904e-02
1.500086172597362572e-02
1.500086332568649136e-02
1.500086517290956725e-02
1.500086723058404251e-02
1.500086946823981672e-02
1.500087186065166521e-02
1.500087438680072945e-02
1.500087702906559468e-02
1.500087977258738638e-02
1.500088260476785569e-02
1.500088551486988483e-02
1.500088849369743058e-02
1.500089153333749280e-02
1.500089462695090338e-02
1.500089776860173175e-02
1.500090095311745406e-02
1.500090417597373452e-02
1.500090743319907639e-02
1.500091072129552429e-02
1.500091403717246884e-02
1.500091737809110259e-02
1.500092074161773689e-02
1.500092412558429698e-02
1.500092752805488698e-02
1.500093094729734039e-02
1.500093438175894613e-02
1.500093783004568387e-02
1.500094129090441888e-02
1.500094476320757222e-02
1.500094824593990912e-02
1.500095173818712796e-02
1.500095523912594632e-02
1.500095874801552452e-02
1.500096226418998896e-02
1.500096578705190260e-02
1.500096931606659419e-02
1.500097285075715180e-02
1.500097639070006351e-02
1.500097993552139061e-02
1.500098348489337270e-02
1.500098703853146136e-02
1.500099059619168160e-02
1.500099415766831604e-02
1.500099772279183535e-02
1.500100129142707163e-02
1.500100486347157903e-02
1.500100843885419748e-02
1.500101201753375503e-02
1.500101559949791261e-02
1.500101918476212312e-02
1.500102277336870689e-02
1.500102636538603630e-02
1.500102996090777602e-02
1.500103356005222550e-02
1.500103716296171882e-02
1.500104076980210248e-02
1.500104438076224622e-02
1.500104799605362846e-02
1.500105161590996501e-02
1.500105524058687606e-02
1.500105887036159123e-02
1.500106250553272062e-02
1.500106614642002581e-02
1.500106979336424465e-02
1.500107344672695076e-02
1.500107710689041300e-02
1.500108077425752785e-02
1.500108444925172570e-02
1.500108813231692574e-02
1.500109182391749785e-02
1.500109552453823131e-02
1.500109923468432790e-02
1.500110295488136201e-02
1.500110668567526846e-02
1.500111042763229915e-02
1.500111418133895022e-02
1.500111794740188395e-02
1.500112172644776400e-02
1.500112551912307496e-02
1.500112932609382402e-02
1.500113314804519919e-02
1.500113698568105759e-02
1.500114083972331654e-02
1.500114471091117639e-02
1.500114860000012658e-02
1.500115250776073647e-02
1.500115643497719822e-02
1.500116038244551399e-02
1.500116435097137435e-02
1.500116834136757879e-02
1.500117235445102767e-02
1.500117639103914352e-02
1.500118045194569379e-02
1.500118453797595099e-02
1.500118864992103576e-02
1.500119278855143769e-02
1.500119695460956810e-02
1.500120114880123395e-02
1.500120537178598230e-02
1.500120962416613170e-02
1.500121390647445561e-02
1.500121821916038101e-02
1.500122256257458049e-02
1.500122693695192175e-02
1.500123134239267873e-02
1.500123577884196653e-02
1.500124024606739465e-02
1.500124474363496996e-02
1.500124927088335690e-02
1.500125382689662321e-02
1.500125841047577138e-02
1.500126302010933166e-02
1.500126765394352128e-02
1.500127230975252871e-02
1.500127698490967901e-02
1.500128167636028027e-02
1.500128638059730624e-02
1.500129109364094389e-02
1.500129581102348578e-02
1.500130052778087496e-02
1.500130523845254367e-02
1.500130993709100462e-02
1.500131461728277694e-02
1.500131927218205027e-02
1.500132389455816583e-02
1.500132847685790860e-02
1.500133301128285176e-02
1.500133748988166996e-02
1.500134190465659059e-02
1.500134624768236120e-02
1.500135051123544470e-02
1.500135468793029926e-02
1.500135877085893507e-02
1.500136275372939212e-02
1.500136663099828523e-02
1.500137039799257291e-02
1.500137405101569128e-02
1.500137758743364490e-02
1.500138100573740127e-02
1.500138430557879966e-02
1.500138748777838163e-02
1.500139055430477035e-02
1.500139350822656675e-02
1.500139635363884234e-02
1.500139909556747961e-02
1.500140173985536896e-02
1.500140429303512164e-02
1.500140676219316460e-02
1.500140915483010040e-02
1.500141147872202999e-02
1.500141374178689223e-02
1.500141595195943894e-02
1.500141811707752203e-02
1.500142024478173623e-02
1.500142234242966485e-02
1.500142441702520188e-02
1.500142647516291422e-02
1.500142852298677609e-02
1.500143056616233886e-02
1.500143260986099882e-02
1.500143465875491272e-02
1.500143671702104144e-02
1.500143878835274135e-02
1.500144087597742384e-02
1.500144298267888469e-02
1.500144511082304732e-02
1.500144726238600290e-02
1.500144943898334624e-02
1.500145164190011364e-02
1.500145387212050742e-02
1.500145613035701146e-02
1.500145841707844173e-02
1.500146073253661935e-02
1.500146307679151199e-02
1.500146544973464217e-02
1.500146785111079739e-02
1.500147028053791520e-02
1.500147273752524407e-02
1.500147522148981109e-02
1.500147773177126428e-02
1.500148026764520220e-02
1.500148282833503946e-02
1.500148541302259372e-02
1.500148802085742548e-02
1.500149065096508319e-02
1.500149330245432837e-02
1.500149597442346217e-02
1.500149866596582615e-02
1.500150137617456240e-02
1.500150410414675430e-02
1.500150684898693756e-02
1.500150960981014997e-02
1.500151238574449694e-02
1.500151517593331305e-02
1.500151797953701467e-02
1.500152079573458842e-02
1.500152362372485747e-02
1.500152646272749288e-02
1.500152931198381161e-02
1.500153217075739752e-02
1.500153503833458191e-02
1.500153791402474360e-02
1.500154079716052406e-02
1.500154368709790548e-02
1.500154658321618296e-02
1.500154948491787613e-02
1.500155239162851394e-02
1.500155530279638147e-02
1.500155821789214174e-02
1.500156113640844537e-02
1.500156405785941192e-02
1.500156698178007654e-02
1.500156990772575326e-02
1.500157283527132381e-02
1.500157576401046737e-02
1.500157869355478804e-02
1.500158162353289193e-02
1.500158455358934807e-02
1.500158748338359382e-02
1.500159041258871014e-02
1.500159334089012919e-02
1.500159626798418938e-02
1.500159919357660528e-02
1.500160211738079188e-02
1.500160503911603452e-02
1.500160795850551641e-02
1.500161087527416247e-02
1.500161378914626961e-02
1.500161669984294462e-02
1.500161960707926609e-02
1.500162251056119146e-02
1.500162540998210316e-02
1.500162830501904077e-02
1.500163119532846485e-02
1.500163408054157148e-02
1.500163696025901688e-02
1.500163983404503333e-02
1.500164270142072265e-02
1.500164556185651539e-02
1.500164841476355621e-02
1.500165125948385407e-02
1.500165409527896149e-02
1.500165692131691896e-02
1.500165973665707787e-02
1.500166254023246014e-02
1.500166533082905596e-02
1.500166810706147352e-02
1.500167086734413395e-02
1.500167360985701047e-02
1.500167633250468202e-02
1.500167903286713303e-02
1.500168170814024544e-02
1.500168435506351802e-02
1.500168696983161278e-02
1.500168954798554617e-02
1.500169208427781786e-02
1.500169457250422229e-02
1.500169700529244317e-02
1.500169937383431622e-02
1.500170166754389266e-02
1.500170387361695300e-02
1.500170597645809206e-02
1.500170795692812309e-02
1.500170979134453006e-02
1.500171145013839795e-02
1.500171289602671501e-02
1.500171408149073536e-02
1.500171494524449832e-02
1.500171540720766743e-02
1.500171536122005614e-02
1.500171466427400492e-02
1.500171312025237909e-02
1.500171045477588505e-02
1.500170627526128606e-02
1.500170000562848008e-02
1.500169077612271799e-02
1.500167723092847918e-02
1.500165718011932728e-02
1.500162694878357308e-02
1.500158013416560791e-02
1.500150528405971677e-02
1.500138231541468629e-02
1.500118259949705102e-02
1.500090605722746891e-02
1.500071259504163687e-02
1.500083417874795676e-02
1.500111997577844268e-02
1.500135169903275487e-02
1.500149988254975697e-02
1.500159222055357129e-02
1.500165180519044336e-02
1.500169217128341503e-02
1.500172087240902660e-02
1.500174220300251604e-02
1.500175869389456726e-02
1.500177189514572025e-02
1.500178279133919726e-02
1.500179202885332068e-02
1.500180004470663860e-02
1.500180714218480628e-02
1.500181353669720850e-02
1.500181938442318036e-02
1.500182480069809331e-02
1.500182987210727480e-02
1.500183466461985603e-02
1.500183922917076342e-02
1.500184360556240139e-02
1.500184782523789409e-02
1.500185191328263536e-02
1.500185588988931819e-02
1.500185977144421513e-02
1.500186357134223984e-02
1.500186730060527364e-02
1.500187096835606596e-02
1.500187458218483864e-02
1.500187814843541127e-02
1.500188167243032139e-02
1.500188515864927727e-02
1.500188861087160298e-02
1.500189203229069200e-02
1.500189542560648875e-02
1.500189879310061779e-02
1.500190213669772704e-02
1.500190545801577402e-02
1.500190875840737813e-02
1.500191203899396870e-02
1.500191530069398815e-02
1.500191854424625347e-02
1.500192177022927238e-02
1.500192497907720628e-02
1.500192817109301940e-02
1.500193134645921335e-02
1.500193450524655268e-02
1.500193764742100040e-02
1.500194077284914239e-02
1.500194388130223974e-02
1.500194697245911708e-02
1.500195004590789381e-02
1.500195310114680637e-02
1.500195613758403303e-02
1.500195915453667560e-02
1.500196215122889462e-02
1.500196512678924655e-02
1.500196808024717617e-02
1.500197101052875778e-02
1.500197391645157440e-02
1.500197679671880918e-02
1.500197964991245927e-02
1.500198247448567175e-02
1.500198526875419144e-02
1.500198803088680782e-02
1.500199075889484604e-02
1.500199345062063275e-02
1.500199610372484650e-02
1.500199871567281518e-02
1.500200128371969276e-02
1.500200380489447906e-02
1.500200627598299689e-02
1.500200869350977462e-02
1.500201105371902835e-02
1.500201335255487226e-02
1.500201558564098758e-02
1.500201774826018242e-02
1.500201983533426195e-02
1.500202184140502631e-02
1.500202376061720785e-02
1.500202558670473210e-02
1.500202731298186723e-02
1.500202893234144595e-02
1.500203043726291464e-02
1.500203181983376238e-02
1.500203307178873263e-02
1.500203418457245023e-02
1.500203514943228462e-02
1.500203595754987483e-02
1.500203660022133949e-02
1.500203706909801829e-02
1.500203735650124971e-02
1.500203745582619902e-02
1.500203736205050695e-02
1.500203707236313737e-02
1.500203658692656102e-02
1.500203590977998262e-02
1.500203504988194096e-02
1.500203402227562842e-02
1.500203284933822843e-02
1.500203156204628005e-02
1.500203020115229401e-02
1.500202881812635544e-02
1.500202747567569959e-02
1.500202624762436536e-02
1.500202521792689918e-02
1.500202447862000049e-02
1.500202412659691099e-02
1.500202425922760388e-02
1.500202496903431729e-02
1.500202633783976475e-02
1.500202843098813466e-02
1.500203129234266991e-02
1.500203494074270165e-02
1.500203936843995216e-02
1.500204454175230878e-02
1.500205040383490764e-02
1.500205687915394555e-02
1.500206387903119803e-02
1.500207130754712195e-02
1.500207906714678789e-02
1.500208706344937498e-02
1.500209520896572148e-02
1.500210342562828189e-02
1.500211164619811612e-02
1.500211981471829929e-02
1.500212788623275263e-02
1.500213582599546451e-02
1.500214360837171836e-02
1.500215121559512164e-02
1.500215863650197073e-02
1.500216586532555907e-02
1.500217290060023093e-02
1.500217974420016073e-02
1.500218640051999286e-02
1.500219287579294437e-02
1.500219917753506903e-02
1.500220531410095121e-02
1.500221129433506641e-02
1.500221712730338310e-02
1.500222282209101414e-02
1.500222838765344346e-02
1.500223383271048413e-02
1.500223916567402019e-02
1.500224439460200523e-02
1.500224952717270702e-02
1.500225457067429040e-02
1.500225953200595014e-02
1.500226441768749870e-02
1.500226923387514531e-02
1.500227398638162395e-02
1.500227868069936056e-02
1.500228332202568210e-02
1.500228791528937684e-02
1.500229246517810824e-02
1.500229697616642724e-02
1.500230145254419743e-02
1.500230589844544528e-02
1.500231031787771334e-02
1.500231471475208488e-02
1.500231909291416948e-02
1.500232345617639323e-02
1.500232780835205997e-02
1.500233215329170762e-02
1.500233649492249861e-02
1.500234083729141618e-02
1.500234518461326938e-02
1.500234954132474881e-02
1.500235391214601623e-02
1.500235830215162873e-02
1.500236271685311158e-02
1.500236716229597610e-02
1.500237164517476476e-02
1.500237617297056104e-02
1.500238075411672485e-02
1.500238539820011874e-02
1.500239011620723220e-02
1.500239492082743736e-02
1.500239982682938927e-02
1.500240485153152455e-02
1.500241001539472790e-02
1.500241534277451175e-02
1.500242086288316491e-02
1.500242661103061426e-02
1.500243263023812688e-02
1.500243897335529729e-02
1.500244570586220169e-02
1.500245290961256354e-02
1.500246068788039372e-02
1.500246917222633480e-02
1.500247853192147353e-02
1.500248898698116652e-02
1.500250082629643947e-02
1.500251443291344272e-02
1.500253031913029167e-02
1.500254917442614931e-02
1.500257192824749897e-02
1.500259982431984343e-02
1.500263448544179694e-02
1.500267789843386969e-02
1.500273212920769615e-02
1.500279834264576888e-02
1.500287445196058639e-02
1.500295125479738506e-02
1.500301011493349219e-02
1.500302977789752870e-02
1.500300284986496625e-02
1.500294300255435552e-02
1.500287219139854328e-02
1.500280610687514116e-02
1.500275117441801642e-02
1.500270805172407296e-02
1.500267510299841713e-02
1.500265022680793633e-02
1.500263154343039682e-02
1.500261755888042912e-02
1.500260714082967545e-02
1.500259944635547529e-02
1.500259385035157544e-02
1.500258988764545040e-02
1.500258720958717699e-02
1.500258555249204921e-02
1.500258471496417403e-02
1.500258454162901184e-02
1.500258491142104564e-02
1.500258572909585891e-02
1.500258691902903348e-02
1.500258842064556078e-02
1.500259018502008400e-02
1.500259217232483185e-02
1.500259434989653987e-02
1.500259669075944789e-02
1.500259917248720001e-02
1.500260177631880694e-02
1.500260448646665787e-02
1.500260728957084587e-02
1.500261017426590508e-02
1.500261313083446450e-02
1.500261615092867221e-02
1.500261922734475763e-02
1.500262235383958455e-02
1.500262552498054722e-02
1.500262873602212568e-02
1.500263198280388406e-02
1.500263526166579174e-02
1.500263856937760105e-02
1.500264190307974699e-02
1.500264526023365255e-02
1.500264863857980746e-02
1.500265203610228609e-02
1.500265545099859106e-02
1.500265888165398624e-02
1.500266232661951783e-02
1.500266578459322729e-02
1.500266925440394902e-02
1.500267273499741004e-02
1.500267622542417537e-02
1.500267972482923796e-02
1.500268323244299470e-02
1.500268674757336204e-02
1.500269026959896029e-02
1.500269379796311496e-02
1.500269733216864736e-02
1.500270087177327932e-02
1.500270441638562949e-02
1.500270796566166923e-02
1.500271151930160363e-02
1.500271507704713063e-02
1.500271863867900547e-02
1.500272220401488617e-02
1.500272577290742877e-02
1.500272934524257869e-02
1.500273292093807706e-02
1.500273649994208688e-02
1.500274008223201859e-02
1.500274366781342156e-02
1.500274725671905778e-02
1.500275084900800845e-02
1.500275444476491769e-02
1.500275804409928991e-02
1.500276164714487402e-02
1.500276525405912220e-02
1.500276886502266427e-02
1.500277248023889828e-02
1.500277609993357769e-02
1.500277972435447305e-02
1.500278335377108231e-02
1.500278698847434984e-02
1.500279062877645647e-02
1.500279427501061309e-02
1.500279792753090972e-02
1.500280158671219929e-02
1.500280525294996579e-02
1.500280892666026010e-02
1.500281260827964445e-02
1.500281629826513696e-02
1.500281999709419771e-02
1.500282370526468192e-02
1.500282742329484519e-02
1.500283115172330872e-02
1.500283489110902299e-02
1.500283864203121910e-02
1.500284240508931340e-02
1.500284618090281033e-02
1.500284997011108734e-02
1.500285377337316761e-02
1.500285759136739915e-02
1.500286142479097945e-02
1.500286527435941777e-02
1.500286914080579959e-02
1.500287302487987758e-02
1.500287692734695796e-02
1.500288084898651272e-02
1.500288479059052466e-02
1.500288875296146816e-02
1.500289273690990147e-02
1.500289674325162685e-02
1.500290077280431490e-02
1.500290482638357015e-02
1.500290890479831149e-02
1.500291300884544141e-02
1.500291713930366339e-02
1.500292129692639732e-02
1.500292548243365581e-02
1.500292969650279459e-02
1.500293393975803830e-02
1.500293821275867565e-02
1.500294251598576975e-02
1.500294684982736611e-02
1.500295121456202835e-02
1.500295561034069129e-02
1.500296003716672377e-02
1.500296449487423592e-02
1.500296898310458753e-02
1.500297350128125019e-02
1.500297804858304225e-02
1.500298262391609044e-02
1.500298722588469871e-02
1.500299185276161157e-02
1.500299650245817511e-02
1.500300117249509478e-02
1.500300585997456707e-02
1.500301056155481025e-02
1.500301527342809069e-02
1.500301999130351262e-02
1.500302471039602348e-02
1.500302942542306936e-02
1.500303413061051042e-02
1.500303881970931931e-02
1.500304348602447824e-02
1.500304812245741547e-02
1.500305272156286611e-02
1.500305727562081456e-02
1.500306177672347877e-02
1.500306621687680191e-02
1.500307058811516450e-02
1.500307488262721430e-02
1.500307909288998813e-02
1.500308321180779045e-02
1.500308723285156617e-02
1.500309115019414670e-02
1.500309495883648224e-02
1.500309865471988885e-02
1.500310223481984492e-02
1.500310569721726058e-02
1.500310904114416158e-02
1.500311226700172182e-02
1.500311537634984281e-02
1.500311837186873651e-02
1.500312125729423574e-02
1.500312403732968584e-02
1.500312671753815941e-02
1.500312930421945565e-02
1.500313180427672970e-02
1.500313422507765226e-02
1.500313657431487889e-02
1.500313885987015171e-02
1.500314108968579807e-02
1.500314327164669649e-02
1.500314541347493209e-02
1.500314752263869934e-02
1.500314960627617718e-02
1.500315167113453613e-02
1.500315372352360038e-02
1.500315576928331653e-02
1.500315781376384411e-02
1.500315986181680397e-02
1.500316191779621847e-02
1.500316398556758579e-02
1.500316606852349251e-02
1.500316816960443715e-02
1.500317029132347720e-02
1.500317243579354747e-02
1.500317460475645605e-02
1.500317679961266255e-02
1.500317902145115873e-02
1.500318127107885986e-02
1.500318354904906296e-02
1.500318585568865583e-02
1.500318819112381533e-02
1.500319055530406447e-02
1.500319294802458618e-02
1.500319536894675551e-02
1.500319781761694053e-02
1.500320029348355295e-02
1.500320279591245941e-02
1.500320532420086096e-02
1.500320787758966171e-02
1.500321045527451026e-02
1.500321305641556802e-02
1.500321568014614804e-02
1.500321832558027674e-02
1.500322099181934654e-02
1.500322367795790639e-02
1.500322638308866467e-02
1.500322910630685555e-02
1.500323184671396512e-02
1.500323460342094413e-02
1.500323737555092282e-02
1.500324016224154414e-02
1.500324296264688752e-02
1.500324577593910996e-02
1.500324860130978002e-02
1.500325143797096722e-02
1.500325428515612847e-02
1.500325714212078464e-02
1.500326000814304443e-02
1.500326288252397736e-02
1.500326576458785310e-02
1.500326865368225432e-02
1.500327154917811476e-02
1.500327445046962735e-02
1.500327735697408460e-02
1.500328026813163226e-02
1.500328318340494668e-02
1.500328610227883754e-02
1.500328902425977946e-02
1.500329194887536910e-02
1.500329487567373180e-02
1.500329780422281732e-02
1.500330073410965567e-02
1.500330366493954348e-02
1.500330659633510727e-02
1.500330952793532853e-02
1.500331245939447167e-02
1.500331539038088878e-02
1.500331832057576892e-02
1.500332124967174163e-02
1.500332417737138511e-02
1.500332710338559729e-02
1.500333002743182813e-02
1.500333294923216106e-02
1.500333586851122260e-02
1.500333878499389081e-02
1.500334169840281118e-02
1.500334460845566091e-02
1.500334751486215139e-02
1.500335041732070267e-02
1.500335331551480925e-02
1.500335620910897561e-02
1.500335909774419725e-02
1.500336198103290053e-02
1.500336485855331518e-02
1.500336772984305414e-02
1.500337059439191094e-02
1.500337345163364408e-02
1.500337630093659218e-02
1.500337914159293774e-02
1.500338197280628311e-02
1.500338479367731986e-02
1.500338760318710614e-02
1.500339040017755962e-02
1.500339318332849330e-02
1.500339595113053467e-02
1.500339870185296229e-02
1.500340143350535442e-02
1.500340414379155822e-02
1.500340683005418202e-02
1.500340948920728286e-02
1.500341211765417529e-02
1.500341471118656761e-02
1.500341726485984045e-02
1.500341977283790526e-02
1.500342222819872617e-02
1.500342462268871441e-02
1.500342694641002873e-02
1.500342918741901822e-02
1.500343133120578785e-02
1.500343336001304373e-02
1.500343525193506208e-02
1.500343697971221087e-02
1.500343850909814127e-02
1.500343979661843997e-02
1.500344078644902206e-02
1.500344140599923354e-02
1.500344155955302128e-02
1.500344111893904542e-02
1.500343990955264016e-02
1.500343768892619008e-02
1.500343411303019930e-02
1.500342868177407044e-02
1.500342064811336674e-02
1.500340886131172266e-02
1.500339148696164249e-02
1.500336548922703156e-02
1.500332564692121069e-02
1.500326268401050954e-02
1.500316005274267110e-02
1.500299119062771351e-02
1.500273581940647812e-02
1.500247925843749448e-02
1.500248097675554136e-02
1.500274277620513956e-02
1.500300493278218343e-02
1.500318063332669628e-02
1.500328986824372469e-02
1.500335926488506610e-02
1.500340544297442368e-02
1.500343772112233340e-02
1.500346134354062569e-02
1.500347935856175333e-02
1.500349360756599547e-02
1.500350524530694868e-02
1.500351502121179126e-02
1.500352343681709416e-02
1.500353083704249017e-02
1.500353746490497645e-02
1.500354349534337335e-02
1.500354905672331499e-02
1.500355424486187611e-02
1.500355913238688582e-02
1.500356377511474076e-02
1.500356821647978040e-02
1.500357249066418784e-02
1.500357662484485058e-02
1.500358064082989336e-02
1.500358455626656963e-02
1.500358838554384511e-02
1.500359214047446155e-02
1.500359583081579268e-02
1.500359946467147779e-02
1.500360304880390440e-02
1.500360658887934726e-02
1.500361008966182540e-02
1.500361355516741969e-02
1.500361698878800200e-02
1.500362039339101297e-02
1.500362377140037132e-02
1.500362712486240369e-02
1.500363045549983100e-02
1.500363376475612014e-02
1.500363705383204321e-02
1.500364032371587393e-02
1.500364357520839881e-02
1.500364680894358295e-02
1.500365002540567962e-02
1.500365322494331966e-02
1.500365640778109425e-02
1.500365957402893628e-02
1.500366272368968898e-02
1.500366585666504209e-02
1.500366897276005779e-02
1.500367207168646147e-02
1.500367515306478064e-02
1.500367821642548116e-02
1.500368126120913900e-02
1.500368428676572552e-02
1.500368729235304448e-02
1.500369027713434507e-02
1.500369324017512655e-02
1.500369618043913798e-02
1.500369909678358517e-02
1.500370198795348588e-02
1.500370485257522535e-02
1.500370768914919065e-02
1.500371049604154808e-02
1.500371327147505957e-02
1.500371601351891543e-02
1.500371872007756624e-02
1.500372138887849302e-02
1.500372401745887069e-02
1.500372660315115424e-02
1.500372914306750786e-02
1.500373163408315336e-02
1.500373407281862907e-02
1.500373645562108789e-02
1.500373877854474861e-02
1.500374103733071590e-02
1.500374322738653662e-02
1.500374534376587750e-02
1.500374738114900949e-02
1.500374933382492455e-02
1.500375119567621401e-02
1.500375296016823699e-02
1.500375462034450602e-02
1.500375616883081915e-02
1.500375759785140331e-02
1.500375889926114370e-02
1.500376006459904800e-02
1.500376108516932559e-02
1.500376195215793844e-02
1.500376265679400668e-02
1.500376319056729787e-02
1.500376354551470268e-02
1.500376371459024270e-02
1.500376369213420914e-02
1.500376347445711404e-02
1.500376306055274840e-02
1.500376245295032690e-02
1.500376165870813058e-02
1.500376069053799104e-02
1.500375956803076671e-02
1.500375831892628367e-02
1.500375698033680483e-02
1.500375559979308035e-02
1.500375423593992494e-02
1.500375295867266770e-02
1.500375184848766301e-02
1.500375099483469872e-02
1.500375049332035304e-02
1.500375044172917727e-02
1.500375093500086465e-02
1.500375205950621113e-02
1.500375388716256725e-02
1.500375647006795682e-02
1.500375983636066668e-02
1.500376398789881986e-02
1.500376890010996812e-02
1.500377452403385894e-02
1.500378079024891967e-02
1.500378761411389449e-02
1.500379490162445477e-02
1.500380255519455364e-02
1.500381047879846552e-02
1.500381858210269106e-02
1.500382678342325818e-02
1.500383501152140545e-02
1.500384320637615509e-02
1.500385131914068818e-02
1.500385931150964754e-02
1.500386715470975255e-02
1.500387482829215920e-02
1.500388231886325488e-02
1.500388961884985967e-02
1.500389672535960839e-02
1.500390363916951318e-02
1.500391036385548792e-02
1.500391690506197931e-02
1.500392326990236322e-02
1.500392946647635499e-02
1.500393550348875712e-02
1.500394138995391966e-02
1.500394713497114896e-02
1.500395274755804594e-02
1.500395823653020641e-02
1.500396361041777225e-02
1.500396887741077545e-02
1.500397404532670918e-02
1.500397912159513042e-02
1.500398411325500926e-02
1.500398902696161232e-02
1.500399386900028165e-02
1.500399864530519052e-02
1.500400336148154969e-02
1.500400802283019357e-02
1.500401263437371735e-02
1.500401720088364102e-02
1.500402172690823259e-02
1.500402621680079103e-02
1.500403067474835768e-02
1.500403510480086827e-02
1.500403951090092600e-02
1.500404389691439508e-02
1.500404826666219306e-02
1.500405262395365126e-02
1.500405697262199682e-02
1.500406131656256692e-02
1.500406565977452540e-02
1.500407000640704286e-02
1.500407436081102261e-02
1.500407872759779680e-02
1.500408311170648573e-02
1.500408751848208988e-02
1.500409195376699138e-02
1.500409642400905852e-02
1.500410093639053741e-02
1.500410549898291770e-02
1.500411012093449958e-02
1.500411481269917427e-02
1.500411958631759149e-02
1.500412445576522306e-02
1.500412943738633521e-02
1.500413455043910459e-02
1.500413981778557851e-02
1.500414526677174704e-02
1.500415093035912563e-02
1.500415684859192876e-02
1.500416307051570877e-02
1.500416965670873549e-02
1.500417668265229508e-02
1.500418424325947707e-02
1.500419245901687786e-02
1.500420148438809040e-02
1.500421151940583946e-02
1.500422282576867328e-02
1.500423574927685876e-02
1.500425075105873800e-02
1.500426845054927266e-02
1.500428968287533492e-02
1.500431557007505905e-02
1.500434759373854565e-02
1.500438762199252096e-02
1.500443775514976631e-02
1.500449966308687808e-02
1.500457280540461180e-02
1.500465100656630212e-02
1.500471888933200930e-02
1.500475453688836225e-02
1.500474374760007307e-02
1.500469323467963807e-02
1.500462406844495743e-02
1.500455513549416378e-02
1.500449592888575268e-02
1.500444870038243964e-02
1.500441234627984677e-02
1.500438481100296352e-02
1.500436409989067132e-02
1.500434857840836356e-02
1.500433699216269061e-02
1.500432840329780221e-02
1.500432211608590180e-02
1.500431761371402370e-02
1.500431450992324896e-02
1.500431251356212914e-02
1.500431140304605421e-02
1.500431100803753352e-02
1.500431119627859342e-02
1.500431186407247090e-02
1.500431292935052244e-02
1.500431432657845822e-02
1.500431600297979715e-02
1.500431791571020176e-02
1.500432002972395575e-02
1.500432231614882289e-02
1.500432475103753022e-02
1.500432731440069604e-02
1.500432998945189396e-02
1.500433276201389859e-02
1.500433562004837434e-02
1.500433855328081080e-02
1.500434155289949965e-02
1.500434461131247045e-02
1.500434772195005130e-02
1.500435087910366623e-02
1.500435407779347058e-02
1.500435731365918138e-02
1.500436058286958724e-02
1.500436388204719022e-02
1.500436720820524927e-02
1.500437055869490235e-02
1.500437393116062050e-02
1.500437732350255390e-02
1.500438073384456616e-02
1.500438416050705291e-02
1.500438760198370865e-02
1.500439105692164855e-02
1.500439452410433361e-02
1.500439800243688615e-02
1.500440149093340211e-02
1.500440498870597716e-02
1.500440849495521776e-02
1.500441200896196307e-02
1.500441553008010145e-02
1.500441905773028904e-02
1.500442259139447843e-02
1.500442613061111347e-02
1.500442967497091044e-02
1.500443322411316484e-02
1.500443677772248310e-02
1.500444033552591518e-02
1.500444389729041310e-02
1.500444746282057588e-02
1.500445103195666326e-02
1.500445460457281756e-02
1.500445818057549209e-02
1.500446175990204078e-02
1.500446534251947787e-02
1.500446892842333818e-02
1.500447251763669700e-02
1.500447611020924721e-02
1.500447970621652215e-02
1.500448330575915659e-02
1.500448690896223972e-02
1.500449051597475304e-02
1.500449412696904829e-02
1.500449774214037205e-02
1.500450136170648242e-02
1.500450498590726565e-02
1.500450861500444641e-02
1.500451224928127381e-02
1.500451588904231845e-02
1.500451953461324865e-02
1.500452318634066563e-02
1.500452684459196821e-02
1.500453050975522964e-02
1.500453418223912302e-02
1.500453786247283455e-02
1.500454155090603578e-02
1.500454524800884197e-02
1.500454895427177048e-02
1.500455267020575460e-02
1.500455639634209158e-02
1.500456013323243042e-02
1.500456388144871638e-02
1.500456764158312507e-02
1.500457141424794971e-02
1.500457520007544843e-02
1.500457899971761877e-02
1.500458281384590108e-02
1.500458664315077253e-02
1.500459048834122851e-02
1.500459435014413201e-02
1.500459822930335849e-02
1.500460212657875672e-02
1.500460604274488248e-02
1.500460997858942859e-02
1.500461393491134450e-02
1.500461791251858287e-02
1.500462191222541423e-02
1.500462593484925070e-02
1.500462998120693191e-02
1.500463405211034142e-02
1.500463814836136209e-02
1.500464227074600060e-02
1.500464642002763069e-02
1.500465059693927884e-02
1.500465480217475292e-02
1.500465903637867270e-02
1.500466330013510742e-02
1.500466759395485336e-02
1.500467191826120213e-02
1.500467627337406795e-02
1.500468065949246525e-02
1.500468507667520983e-02
1.500468952481988361e-02
1.500469400363993976e-02
1.500469851264019279e-02
1.500470305109058260e-02
1.500470761799859234e-02
1.500471221208044513e-02
1.500471683173154776e-02
1.500472147499660840e-02
1.500472613954010291e-02
1.500473082261779938e-02
1.500473552105031742e-02
1.500474023119974069e-02
1.500474494895056091e-02
1.500474966969626497e-02
1.500475438833306571e-02
1.500475909926231310e-02
1.500476379640313003e-02
1.500476847321679207e-02
1.500477312274412466e-02
1.500477773765713368e-02
1.500478231032545233e-02
1.500478683289796153e-02
1.500479129739918510e-02
1.500479569583942560e-02
1.500480002033688885e-02
1.500480426324920027e-02
1.500480841731101009e-02
1.500481247577372182e-02
1.500481643254275750e-02
1.500482028230761856e-02
1.500482402065968744e-02
1.500482764419316939e-02
1.500483115058485854e-02
1.500483453864931774e-02
1.500483780836702440e-02
1.500484096088417797e-02
1.500484399848422447e-02
1.500484692453234702e-02
1.500484974339538757e-02
1.500485246034064316e-02
1.500485508141782311e-02
1.500485761332882167e-02
1.500486006329029322e-02
1.500486243889384390e-02
1.500486474796836230e-02
1.500486699844847185e-02
1.500486919825244105e-02
1.500487135517204751e-02
1.500487347677624712e-02
1.500487557032961598e-02
1.500487764272593824e-02
1.500487970043668136e-02
1.500488174947362842e-02
1.500488379536457466e-02
1.500488584314072817e-02
1.500488789733436801e-02
1.500488996198515342e-02
1.500489204065354881e-02
1.500489413643995261e-02
1.500489625200808821e-02
1.500489838961150020e-02
1.500490055112204714e-02
1.500490273805949598e-02
1.500490495162142522e-02
1.500490719271286091e-02
1.500490946197510431e-02
1.500491175981343191e-02
1.500491408642334705e-02
1.500491644181525114e-02
1.500491882583737495e-02
1.500492123819697696e-02
1.500492367847973754e-02
1.500492614616743929e-02
1.500492864065397502e-02
1.500493116125974254e-02
1.500493370724456307e-02
1.500493627781918082e-02
1.500493887215547002e-02
1.500494148939548501e-02
1.500494412865938272e-02
1.500494678905239278e-02
1.500494946967091507e-02
1.500495216960778984e-02
1.500495488795688948e-02
1.500495762381706330e-02
1.500496037629551332e-02
1.500496314451071553e-02
1.500496592759485194e-02
1.500496872469589058e-02
1.500497153497932709e-02
1.500497435762960727e-02
1.500497719185132570e-02
1.500498003687016253e-02
1.500498289193363463e-02
1.500498575631169229e-02
1.500498862929710957e-02
1.500499151020579999e-02
1.500499439837696576e-02
1.500499729317315324e-02
1.500500019398020787e-02
1.500500310020715794e-02
1.500500601128596997e-02
1.500500892667127120e-02
1.500501184583997658e-02
1.500501476829083775e-02
1.500501769354394867e-02
1.500502062114013324e-02
1.500502355064032081e-02
1.500502648162479850e-02
1.500502941369240978e-02
1.500503234645969054e-02
1.500503527955988903e-02
1.500503821264193710e-02
1.500504114536929320e-02
1.500504407741872978e-02
1.500504700847896111e-02
1.500504993824922258e-02
1.500505286643765909e-02
1.500505579275963723e-02
1.500505871693586478e-02
1.500506163869036631e-02
1.500506455774828184e-02
1.500506747383343296e-02
1.500507038666570349e-02
1.500507329595812504e-02
1.500507620141367827e-02
1.500507910272178697e-02
1.500508199955439236e-02
1.500508489156162500e-02
1.500508777836695971e-02
1.500509065956177890e-02
1.500509353469925942e-02
1.500509640328748055e-02
1.500509926478158299e-02
1.500510211857484198e-02
1.500510496398842902e-02
1.500510780025964691e-02
1.500511062652832607e-02
1.500511344182102295e-02
1.500511624503256779e-02
1.500511903490444471e-02
1.500512180999928093e-02
1.500512456867065907e-02
1.500512730902713206e-02
1.500513002888917251e-02
1.500513272573733396e-02
1.500513539664950768e-02
1.500513803822451329e-02
1.500514064648849830e-02
1.500514321677952519e-02
1.500514574360429891e-02
1.500514822045911564e-02
1.500515063960431057e-02
1.500515299177796261e-02
1.500515526582941669e-02
1.500515744824590901e-02
1.500515952253521010e-02
1.500516146841223038e-02
1.500516326071529155e-02
1.500516486794490831e-02
1.500516625026783284e-02
1.500516735675211377e-02
1.500516812147765014e-02
1.500516845797252898e-02
1.500516825110704416e-02
1.500516734504303389e-02
1.500516552491621206e-02
1.500516248830117798e-02
1.500515779954045975e-02
1.500515081443692424e-02
1.500514055197492078e-02
1.500512546808232053e-02
1.500510304227099453e-02
1.500506899841650907e-02
1.500501581549685930e-02
1.500493001250853033e-02
1.500478855304664474e-02
1.500456359433367283e-02
1.500428352113098579e-02
1.500416550609322622e-02
1.500436357704758999e-02
1.500464685214866409e-02
1.500485355850566214e-02
1.500498322907195710e-02
1.500506455826920021e-02
1.500511772737075228e-02
1.500515424596691148e-02
1.500518054662117358e-02
1.500520031973399428e-02
1.500521576352416286e-02
1.500522823840587210e-02
1.500523861676726287e-02
1.500524747623478358e-02
1.500525521031373898e-02
1.500526209393423377e-02
1.500526832353621387e-02
1.500527404230590431e-02
1.500527935648820511e-02
1.500528434618545771e-02
1.500528907266252682e-02
1.500529358338659885e-02
1.500529791556686268e-02
1.500530209868153157e-02
1.500530615630906416e-02
1.500531010747349799e-02
1.500531396764537284e-02
1.500531774949512634e-02
1.500532146346631769e-02
1.500532511821610869e-02
1.500532872095692097e-02
1.500533227772365974e-02
1.500533579358446015e-02
1.500533927280804126e-02
1.500534271899756078e-02
1.500534613519834831e-02
1.500534952398506656e-02
1.500535288753264938e-02
1.500535622767427794e-02
1.500535954594894687e-02
1.500536284364064644e-02
1.500536612181069436e-02
1.500536938132448865e-02
1.500537262287364275e-02
1.500537584699430764e-02
1.500537905408226742e-02
1.500538224440539983e-02
1.500538541811376712e-02
1.500538857524785948e-02
1.500539171574503949e-02
1.500539483944459025e-02
1.500539794609141372e-02
1.500540103533857736e-02
1.500540410674879900e-02
1.500540715979494996e-02
1.500541019385967165e-02
1.500541320823409533e-02
1.500541620211574660e-02
1.500541917460565706e-02
1.500542212470463814e-02
1.500542505130877426e-02
1.500542795320409899e-02
1.500543082906042117e-02
1.500543367742430446e-02
1.500543649671115878e-02
1.500543928519639664e-02
1.500544204100563370e-02
1.500544476210387800e-02
1.500544744628367656e-02
1.500545009115220041e-02
1.500545269411719673e-02
1.500545525237184478e-02
1.500545776287848590e-02
1.500546022235125718e-02
1.500546262723772943e-02
1.500546497369962921e-02
1.500546725759286520e-02
1.500546947444710878e-02
1.500547161944537980e-02
1.500547368740413542e-02
1.500547567275469299e-02
1.500547756952693573e-02
1.500547937133675340e-02
1.500548107137890039e-02
1.500548266242764453e-02
1.500548413684816423e-02
1.500548548662243055e-02
1.500548670339435162e-02
1.500548777854008795e-02
1.500548870327082958e-02
1.500548946877685100e-02
1.500549006642341518e-02
1.500549048801083814e-02
1.500549072611268714e-02
1.500549077450743368e-02
1.500549062871939406e-02
1.500549028668393160e-02
1.500548974954889377e-02
1.500548902261789747e-02
1.500548811643018753e-02
1.500548704795496603e-02
1.500548584185412357e-02
1.500548453173566020e-02
1.500548316128169635e-02
1.500548178509291362e-02
1.500548046905219104e-02
1.500547928998416554e-02
1.500547833438848656e-02
1.500547769606755052e-02
1.500547747256648044e-02
1.500547776049655953e-02
1.500547865000963037e-02
1.500548021889701149e-02
1.500548252695286036e-02
1.500548561131427247e-02
1.500548948342984162e-02
1.500549412810769229e-02
1.500549950478874926e-02
1.500550555085079438e-02
1.500551218645509999e-02
1.500551932026614188e-02
1.500552685533489659e-02
1.500553469452557687e-02
1.500554274504113661e-02
1.500555092181034451e-02
1.500555914969082562e-02
1.500556736458815571e-02
1.500557551367956259e-02
1.500558355496698672e-02
1.500559145638024824e-02
1.500559919462237518e-02
1.500560675390913944e-02
1.500561412471292967e-02
1.500562130258360424e-02
1.500562828708839822e-02
1.500563508089014508e-02
1.500564168896716642e-02
1.500564811796800159e-02
1.500565437568843544e-02
1.500566047065564172e-02
1.500566641180352441e-02
1.500567220822427231e-02
1.500567786898222497e-02
1.500568340297814447e-02
1.500568881885350897e-02
1.500569412492635743e-02
1.500569932915153323e-02
1.500570443909972351e-02
1.500570946195065036e-02
1.500571440449686642e-02
1.500571927315533065e-02
1.500572407398456480e-02
1.500572881270578231e-02
1.500573349472672340e-02
1.500573812516732899e-02
1.500574270888658211e-02
1.500574725051012637e-02
1.500575175445841881e-02
1.500575622497528523e-02
1.500576066615689520e-02
1.500576508198131487e-02
1.500576947633875356e-02
1.500577385306291547e-02
1.500577821596372520e-02
1.500578256886200314e-02
1.500578691562660244e-02
1.500579126021480726e-02
1.500579560671677290e-02
1.500579995940512501e-02
1.500580432279100332e-02
1.500580870168807639e-02
1.500581310128654318e-02
1.500581752723947372e-02
1.500582198576455757e-02
1.500582648376500537e-02
1.500583102897443642e-02
1.500583563013183248e-02
1.500584029719443692e-02
1.500584504159868139e-02
1.500584987658234656e-02
1.500585481758519128e-02
1.500585988275087920e-02
1.500586509356047898e-02
1.500587047563827457e-02
1.500587605978483986e-02
1.500588188331244792e-02
1.500588799178595445e-02
1.500589444131227371e-02
1.500590130157856798e-02
1.500590865992122193e-02
1.500591662682576252e-02
1.500592534342854757e-02
1.500593499183578740e-02
1.500594580942148266e-02
1.500595810873741123e-02
1.500597230525951842e-02
1.500598895578684512e-02
1.500600881043399025e-02
1.500603287937249744e-02
1.500606250776432248e-02
1.500609942834403403e-02
1.500614569684610711e-02
1.500620326654342196e-02
1.500627269362570133e-02
1.500635030480352780e-02
1.500642423741498088e-02
1.500647387182335937e-02
1.500648015172266134e-02
1.500644186437151938e-02
1.500637683783338436e-02
1.500630625162899592e-02
1.500624302569817693e-02
1.500619153047804549e-02
1.500615149960854086e-02
1.500612104715806465e-02
1.500609809843311652e-02
1.500608087946006010e-02
1.500606800511442539e-02
1.500605843292467795e-02
1.500605138841985299e-02
1.500604629696370394e-02
1.500604273016541840e-02
1.500604036614994197e-02
1.500603896080775559e-02
1.500603832715858080e-02
1.500603832053703374e-02
1.500603882790847200e-02
1.500603976010899190e-02
1.500604104616201119e-02
1.500604262907830749e-02
1.500604446272376692e-02
1.500604650946198160e-02
1.500604873836417982e-02
1.500605112383811973e-02
1.500605364456913775e-02
1.500605628269576115e-02
1.500605902316302746e-02
1.500606185321153203e-02
1.500606476197093031e-02
1.500606774013439615e-02
1.500607077969634898e-02
1.500607387373984088e-02
1.500607701626327853e-02
1.500608020203844303e-02
1.500608342649354179e-02
1.500608668561646299e-02
1.500608997587435552e-02
1.500609329414648134e-02
1.500609663766794277e-02
1.500610000398234015e-02
1.500610339090176736e-02
1.500610679647294832e-02
1.500611021894841454e-02
1.500611365676193104e-02
1.500611710850748882e-02
1.500612057292127419e-02
1.500612404886616548e-02
1.500612753531836707e-02
1.500613103135585956e-02
1.500613453614838867e-02
1.500613804894877432e-02
1.500614156908536972e-02
1.500614509595545390e-02
1.500614862901949315e-02
1.500615216779609302e-02
1.500615571185759736e-02
1.500615926082620073e-02
1.500616281437053973e-02
1.500616637220269015e-02
1.500616993407550247e-02
1.500617349978026344e-02
1.500617706914460052e-02
1.500618064203064830e-02
1.500618421833339704e-02
1.500618779797923026e-02
1.500619138092461335e-02
1.500619496715493648e-02
1.500619855668346506e-02
1.500620214955041866e-02
1.500620574582211056e-02
1.500620934559021916e-02
1.500621294897110623e-02
1.500621655610522368e-02
1.500622016715656183e-02
1.500622378231218808e-02
1.500622740178180099e-02
1.500623102579737127e-02
1.500623465461279823e-02
1.500623828850362190e-02
1.500624192776676968e-02
1.500624557272034476e-02
1.500624922370343874e-02
1.500625288107598765e-02
1.500625654521864361e-02
1.500626021653267937e-02
1.500626389543991204e-02
1.500626758238265794e-02
1.500627127782367710e-02
1.500627498224616635e-02
1.500627869615371243e-02
1.500628242007029899e-02
1.500628615454025795e-02
1.500628990012824876e-02
1.500629365741918027e-02
1.500629742701813270e-02
1.500630120955020498e-02
1.500630500566032741e-02
1.500630881601298580e-02
1.500631264129186938e-02
1.500631648219938330e-02
1.500632033945604668e-02
1.500632421379972242e-02
1.500632810598465615e-02
1.500633201678026885e-02
1.500633594696972745e-02
1.500633989734817021e-02
1.500634386872059037e-02
1.500634786189932249e-02
1.500635187770103622e-02
1.500635591694324256e-02
1.500635998044014263e-02
1.500636406899783643e-02
1.500636818340876297e-02
1.500637232444525931e-02
1.500637649285221052e-02
1.500638068933860501e-02
1.500638491456796932e-02
1.500638916914752256e-02
1.500639345361595538e-02
1.500639776842974983e-02
1.500640211394790521e-02
1.500640649041502274e-02
1.500641089794265380e-02
1.500641533648887013e-02
1.500641980583606976e-02
1.500642430556700310e-02
1.500642883503916676e-02
1.500643339335766546e-02
1.500643797934681986e-02
1.500644259152082022e-02
1.500644722805391518e-02
1.500645188675065432e-02
1.500645656501694951e-02
1.500646125983277207e-02
1.500646596772755095e-02
1.500647068475940808e-02
1.500647540649953891e-02
1.500648012802321268e-02
1.500648484390888250e-02
1.500648954824696651e-02
1.500649423465983019e-02
1.500649889633437831e-02
1.500650352606845532e-02
1.500650811633190244e-02
1.500651265934273976e-02
1.500651714715830684e-02
1.500652157178065937e-02
1.500652592527458758e-02
1.500653019989613493e-02
1.500653438822841662e-02
1.500653848332108957e-02
1.500654247882904531e-02
1.500654636914561420e-02
1.500655014952535088e-02
1.500655381619154724e-02
1.500655736642404932e-02
1.500656079862363289e-02
1.500656411235005462e-02
1.500656730833214124e-02
1.500657038844938063e-02
1.500657335568593084e-02
1.500657621405901594e-02
1.500657896852486059e-02
1.500658162486620366e-02
1.500658418956586984e-02
1.500658666967137102e-02
1.500658907265543449e-02
1.500659140627704814e-02
1.500659367844732299e-02
1.500659589710365109e-02
1.500659807009503167e-02
1.500660020508063491e-02
1.500660230944282983e-02
1.500660439021536327e-02
1.500660645402651476e-02
1.500660850705676230e-02
1.500661055500991485e-02
1.500661260309648672e-02
1.500661465602782900e-02
1.500661671801950016e-02
1.500661879280234048e-02
1.500662088363966147e-02
1.500662299334929936e-02
1.500662512432909303e-02
1.500662727858478526e-02
1.500662945775931879e-02
1.500663166316269781e-02
1.500663389580178184e-02
1.500663615640947246e-02
1.500663844547281932e-02
1.500664076325984239e-02
1.500664310984478958e-02
1.500664548513169078e-02
1.500664788887618069e-02
1.500665032070554357e-02
1.500665278013700761e-02
1.500665526659434451e-02
1.500665777942282800e-02
1.500666031790267446e-02
1.500666288126104551e-02
1.500666546868270092e-02
1.500666807931945804e-02
1.500667071229850116e-02
1.500667336672969338e-02
1.500667604171196205e-02
1.500667873633887602e-02
1.500668144970345071e-02
1.500668418090233061e-02
1.500668692903936279e-02
1.500668969322866905e-02
1.500669247259724462e-02
1.500669526628716985e-02
1.500669807345745774e-02
1.500670089328560129e-02
1.500670372496882080e-02
1.500670656772512719e-02
1.500670942079411312e-02
1.500671228343761036e-02
1.500671515494014611e-02
1.500671803460929855e-02
1.500672092177588422e-02
1.500672381579406384e-02
1.500672671604132494e-02
1.500672962191838822e-02
1.500673253284900283e-02
1.500673544827970524e-02
1.500673836767945496e-02
1.500674129053921994e-02
1.500674421637149605e-02
1.500674714470974676e-02
1.500675007510776475e-02
1.500675300713898326e-02
1.500675594039570064e-02
1.500675887448821993e-02
1.500676180904392427e-02
1.500676474370626207e-02
1.500676767813363850e-02
1.500677061199822554e-02
1.500677354498464525e-02
1.500677647678856641e-02
1.500677940711517624e-02
1.500678233567749424e-02
1.500678526219459408e-02
1.500678818638962082e-02
1.500679110798763642e-02
1.500679402671331424e-02
1.500679694228835431e-02
1.500679985442868701e-02
1.500680276284139560e-02
1.500680566722131619e-02
1.500680856724726821e-02
1.500681146257788756e-02
1.500681435284696719e-02
1.500681723765824940e-02
1.500682011657957123e-02
1.500682298913627762e-02
1.500682585480371707e-02
1.500682871299875536e-02
1.500683156307002115e-02
1.500683440428673618e-02
1.500683723582580016e-02
1.500684005675685141e-02
1.500684286602481030e-02
1.500684566242949103e-02
1.500684844460158616e-02
1.500685121097426571e-02
1.500685395974944714e-02
1.500685668885745963e-02
1.500685939590860711e-02
1.500686207813465255e-02
1.500686473231771512e-02
1.500686735470334494e-02
1.500686994089361383e-02
1.500687248571471767e-02
1.500687498305192796e-02
1.500687742564227323e-02
1.500687980481213088e-02
1.500688211014235447e-02
1.500688432903717756e-02
1.500688644616395527e-02
1.500688879038128941e-02
