8.602446890808884694e-03
8.602448227842408521e-03
8.602448404446448940e-03
8.602447578515743168e-03
8.602445494688883837e-03
8.602441817095785731e-03
8.602436100361189608e-03
8.602427750280298990e-03
8.602415972379779535e-03
8.602399710128189048e-03
8.602377586276665697e-03
8.602347893178487540e-03
8.602308756813024926e-03
8.602258761139722210e-03
8.602198540384268718e-03
8.602133735666941949e-03
8.602078015381988199e-03
8.602050956479789443e-03
8.602066196879153831e-03
8.602119449781809105e-03
8.602192539045863326e-03
8.602267614753779379e-03
8.602334765931050897e-03
8.602391000944323643e-03
8.602436873379954926e-03
8.602474126207057536e-03
8.602504600093310513e-03
8.602529862099682692e-03
8.602551141818614092e-03
8.602569371880636542e-03
8.602585251016373752e-03
8.602599301945847501e-03
8.602611917360414653e-03
8.602623394388846448e-03
8.602633959802884894e-03
8.602643788287109294e-03
8.602653015672473771e-03
8.602661748558459304e-03
8.602670071353745590e-03
8.602678051467560136e-03
8.602685743169673910e-03
8.602693190485233288e-03
8.602700429384610784e-03
8.602707489454112025e-03
8.602714395181119619e-03
8.602721166950608525e-03
8.602727821823748927e-03
8.602734374150702509e-03
8.602740836056313803e-03
8.602747217827578022e-03
8.602753528224746371e-03
8.602759774732533088e-03
8.602765963764179638e-03
8.602772100828036742e-03
8.602778190664281399e-03
8.602784237357581978e-03
8.602790244430396846e-03
8.602796214920532120e-03
8.602802151445800016e-03
8.602808056258176919e-03
8.602813931289227112e-03
8.602819778188271899e-03
8.602825598354638115e-03
8.602831392964752771e-03
8.602837162995096917e-03
8.602842909241474947e-03
8.602848632335296716e-03
8.602854332757212466e-03
8.602860010848459651e-03
8.602865666820310245e-03
8.602871300761753826e-03
8.602876912645706156e-03
8.602882502333854264e-03
8.602888069580321914e-03
8.602893614034233527e-03
8.602899135241294515e-03
8.602904632644464353e-03
8.602910105583762290e-03
8.602915553295278558e-03
8.602920974909451790e-03
8.602926369448565813e-03
8.602931735823611537e-03
8.602937072830428925e-03
8.602942379145215798e-03
8.602947653319399993e-03
8.602952893773918239e-03
8.602958098792893096e-03
8.602963266516794674e-03
8.602968394935078464e-03
8.602973481878438064e-03
8.602978525010672797e-03
8.602983521820343690e-03
8.602988469612375677e-03
8.602993365499753478e-03
8.602998206395600853e-03
8.603002989005984966e-03
8.603007709823813631e-03
8.603012365124442992e-03
8.603016950963571566e-03
8.603021463178320977e-03
8.603025897392528598e-03
8.603030249027513246e-03
8.603034513319928953e-03
8.603038685348526546e-03
8.603042760072220421e-03
8.603046732382102491e-03
8.603050597170680200e-03
8.603054349422009292e-03
8.603057984327078939e-03
8.603061497429096566e-03
8.603064884803978893e-03
8.603068143281360908e-03
8.603071270711474400e-03
8.603074266282751542e-03
8.603077130893567459e-03
8.603079867579570272e-03
8.603082481994395528e-03
8.603084982936534675e-03
8.603087382908262970e-03
8.603089698683530698e-03
8.603091951850824065e-03
8.603094169284786208e-03
8.603096383487697507e-03
8.603098632730754938e-03
8.603100960917977810e-03
8.603103417095983585e-03
8.603106054543816633e-03
8.603108929402216581e-03
8.603112098841913385e-03
8.603115618824255448e-03
8.603119541569758874e-03
8.603123912910942001e-03
8.603128769753498606e-03
8.603134137891411959e-03
8.603140030408211111e-03
8.603146446844976702e-03
8.603153373232684878e-03
8.603160782984941093e-03
8.603168638546859065e-03
8.603176893614290777e-03
8.603185495689029058e-03
8.603194388724845487e-03
8.603203515643021576e-03
8.603212820545196732e-03
8.603222250512613037e-03
8.603231756942717953e-03
8.603241296427007259e-03
8.603250831213139771e-03
8.603260329318251215e-03
8.603269764370698874e-03
8.603279115257081791e-03
8.603288365643819643e-03
8.603297503431353230e-03
8.603306520186230696e-03
8.603315410584228343e-03
8.603324171886831892e-03
8.603332803464692341e-03
8.603341306374787112e-03
8.603349682993194705e-03
8.603357936701874764e-03
8.603366071625880018e-03
8.603374092416146354e-03
8.603382004072412242e-03
8.603389811801063353e-03
8.603397520902561144e-03
8.603405136683863613e-03
8.603412664391595077e-03
8.603420109162200624e-03
8.603427475986052952e-03
8.603434769682720418e-03
8.603441994885194927e-03
8.603449156031223524e-03
8.603456257360222320e-03
8.603463302914518551e-03
8.603470296543933721e-03
8.603477241912961884e-03
8.603484142509828375e-03
8.603491001657071618e-03
8.603497822523172717e-03
8.603504608135092296e-03
8.603511361391431855e-03
8.603518085076164099e-03
8.603524781872956551e-03
8.603531454379932317e-03
8.603538105125136878e-03
8.603544736582667551e-03
8.603551351189734492e-03
8.603557951364854475e-03
8.603564539527422048e-03
8.603571118119107339e-03
8.603577689627477793e-03
8.603584256612409331e-03
8.603590821736024213e-03
8.603597387796986518e-03
8.603603957770251595e-03
8.603610534853671152e-03
8.603617122523162658e-03
8.603623724598640984e-03
8.603630345323558942e-03
8.603636989461765569e-03
8.603643662416397137e-03
8.603650370377125683e-03
8.603657120504095215e-03
8.603663921159711986e-03
8.603670782203320239e-03
8.603677715369436110e-03
8.603684734757902422e-03
8.603691857475713814e-03
8.603699104486847368e-03
8.603706501750589888e-03
8.603714081766149560e-03
8.603721885697097199e-03
8.603729966337545637e-03
8.603738392321289702e-03
8.603747254202362416e-03
8.603756673412924980e-03
8.603766815749111160e-03
8.603777912166720582e-03
8.603790291716137406e-03
8.603804435275381329e-03
8.603821066162855788e-03
8.603841308643004476e-03
8.603866976502772684e-03
8.603901120951553197e-03
8.603949112732756782e-03
8.604020828828499307e-03
8.604134887095953380e-03
8.604324306230126326e-03
8.604623724349605082e-03
8.604941594653468459e-03
8.604932966899658461e-03
8.604619367616075584e-03
8.604339559641025273e-03
8.604168826239462844e-03
8.604070759928719031e-03
8.604013387972975560e-03
8.603978865538097764e-03
8.603957723279860234e-03
8.603944798329852400e-03
8.603937148526996995e-03
8.603933019808362656e-03
8.603931322115364322e-03
8.603931352571087335e-03
8.603932643005825567e-03
8.603934872566661868e-03
8.603937815773780862e-03
8.603941310615445190e-03
8.603945238364753278e-03
8.603949510469050335e-03
8.603954059828370152e-03
8.603958834867543246e-03
8.603963795428002173e-03
8.603968909869964127e-03
8.603974152995210595e-03
8.603979504535987088e-03
8.603984948040852704e-03
8.603990470042875011e-03
8.603996059431491886e-03
8.604001706973136293e-03
8.604007404941752327e-03
8.604013146831394898e-03
8.604018927130824973e-03
8.604024741145256325e-03
8.604030584854378827e-03
8.604036454798503347e-03
8.604042347986612729e-03
8.604048261821747867e-03
8.604054194039987072e-03
8.604060142660418381e-03
8.604066105943782017e-03
8.604072082358251231e-03
8.604078070550880489e-03
8.604084069323765169e-03
8.604090077614019380e-03
8.604096094476912718e-03
8.604102119071603896e-03
8.604108150649074013e-03
8.604114188541841374e-03
8.604120232155194198e-03
8.604126280959694881e-03
8.604132334484782332e-03
8.604138392313241679e-03
8.604144454076466733e-03
8.604150519450371251e-03
8.604156588151860505e-03
8.604162659935776433e-03
8.604168734592246987e-03
8.604174811944394555e-03
8.604180891846363588e-03
8.604186974181549444e-03
8.604193058861130811e-03
8.604199145822733971e-03
8.604205235029305232e-03
8.604211326468113458e-03
8.604217420149886178e-03
8.604223516108056719e-03
8.604229614398110210e-03
8.604235715097026740e-03
8.604241818302785227e-03
8.604247924133934938e-03
8.604254032729271098e-03
8.604260144247482742e-03
8.604266258866949749e-03
8.604272376785493046e-03
8.604278498220235827e-03
8.604284623407463042e-03
8.604290752602527723e-03
8.604296886079800671e-03
8.604303024132621894e-03
8.604309167073316209e-03
8.604315315233219269e-03
8.604321468962703584e-03
8.604327628631287805e-03
8.604333794627709586e-03
8.604339967360034869e-03
8.604346147255801866e-03
8.604352334762159840e-03
8.604358530346023493e-03
8.604364734494223885e-03
8.604370947713707932e-03
8.604377170531644220e-03
8.604383403495625970e-03
8.604389647173775121e-03
8.604395902154868964e-03
8.604402169048414734e-03
8.604408448484672164e-03
8.604414741114641343e-03
8.604421047609937812e-03
8.604427368662613887e-03
8.604433704984844680e-03
8.604440057308496148e-03
8.604446426384495389e-03
8.604452812982051751e-03
8.604459217887628145e-03
8.604465641903648668e-03
8.604472085846893992e-03
8.604478550546560203e-03
8.604485036841877030e-03
8.604491545579262893e-03
8.604498077608966483e-03
8.604504633781040468e-03
8.604511214940664676e-03
8.604517821922676515e-03
8.604524455545194128e-03
8.604531116602297594e-03
8.604537805855572152e-03
8.604544524024492630e-03
8.604551271775447846e-03
8.604558049709330400e-03
8.604564858347570414e-03
8.604571698116490058e-03
8.604578569329873056e-03
8.604585472169671082e-03
8.604592406664784629e-03
8.604599372667862817e-03
8.604606369830189797e-03
8.604613397574640415e-03
8.604620455066946255e-03
8.604627541185377870e-03
8.604634654489297721e-03
8.604641793186913398e-03
8.604648955102864316e-03
8.604656137646408617e-03
8.604663337781025614e-03
8.604670551996608172e-03
8.604677776285379540e-03
8.604685006123066401e-03
8.604692236456807850e-03
8.604699461701508997e-03
8.604706675746339253e-03
8.604713871973146411e-03
8.604721043288333926e-03
8.604728182169660289e-03
8.604735280728985705e-03
8.604742330791562838e-03
8.604749323991913237e-03
8.604756251885517515e-03
8.604763106074804838e-03
8.604769878347049566e-03
8.604776560820901615e-03
8.604783146097408006e-03
8.604789627410800237e-03
8.604795998773799928e-03
8.604802255111893353e-03
8.604808392381198962e-03
8.604814407664982193e-03
8.604820299244522394e-03
8.604826066641155582e-03
8.604831710627565758e-03
8.604837233207792216e-03
8.604842637566844504e-03
8.604847927992320678e-03
8.604853109771425437e-03
8.604858189067953952e-03
8.604863172784324096e-03
8.604868068414185667e-03
8.604872883890926985e-03
8.604877627437406210e-03
8.604882307421363868e-03
8.604886932220476986e-03
8.604891510100045465e-03
8.604896049105519029e-03
8.604900556971125866e-03
8.604905041045130334e-03
8.604909508231539314e-03
8.604913964947516480e-03
8.604918417095361316e-03
8.604922870047512426e-03
8.604927328643017376e-03
8.604931797193668408e-03
8.604936279498091867e-03
8.604940778862210995e-03
8.604945298124444530e-03
8.604949839684407700e-03
8.604954405533762549e-03
8.604958997288338074e-03
8.604963616220576497e-03
8.604968263291644728e-03
8.604972939182648980e-03
8.604977644324596914e-03
8.604982378926739547e-03
8.604987143003150693e-03
8.604991936397387783e-03
8.604996758805225424e-03
8.605001609795420031e-03
8.605006488828559341e-03
8.605011395274109534e-03
8.605016328425656516e-03
8.605021287514556458e-03
8.605026271722045900e-03
8.605031280189912035e-03
8.605036312029929607e-03
8.605041366332064415e-03
8.605046442171667212e-03
8.605051538615652792e-03
8.605056654727881102e-03
8.605061789573726500e-03
8.605066942224005172e-03
8.605072111758236414e-03
8.605077297267477165e-03
8.605082497856545928e-03
8.605087712645965656e-03
8.605092940773450411e-03
8.605098181395114468e-03
8.605103433686407330e-03
8.605108696842750371e-03
8.605113970080038172e-03
8.605119252634857094e-03
8.605124543764608447e-03
8.605129842747444302e-03
8.605135148882068000e-03
8.605140461487401082e-03
8.605145779902177369e-03
8.605151103484380906e-03
8.605156431610604117e-03
8.605161763675307079e-03
8.605167099089972710e-03
8.605172437282189099e-03
8.605177777694582655e-03
8.605183119783711351e-03
8.605188463018796641e-03
8.605193806880385987e-03
8.605199150858850593e-03
8.605204494452787720e-03
8.605209837167270351e-03
8.605215178511919916e-03
8.605220517998845436e-03
8.605225855140339816e-03
8.605231189446416531e-03
8.605236520422067034e-03
8.605241847564297844e-03
8.605247170358796410e-03
8.605252488276364520e-03
8.605257800768860779e-03
8.605263107264804825e-03
8.605268407164431629e-03
8.605273699834213239e-03
8.605278984600745612e-03
8.605284260743858299e-03
8.605289527488940021e-03
8.605294783998242505e-03
8.605300029361044600e-03
8.605305262582539638e-03
8.605310482571121647e-03
8.605315688123936838e-03
8.605320877910271893e-03
8.605326050452451192e-03
8.605331204103809292e-03
8.605336337023148860e-03
8.605341447145028327e-03
8.605346532145063954e-03
8.605351589399241885e-03
8.605356615936039788e-03
8.605361608379784658e-03
8.605366562883411466e-03
8.605371475048239141e-03
8.605376339827847804e-03
8.605381151412287710e-03
8.605385903087977781e-03
8.605390587067206568e-03
8.605395194279595941e-03
8.605399714115535489e-03
8.605404134108672609e-03
8.605408439540504842e-03
8.605412612944842235e-03
8.605416633482415242e-03
8.605420476146166675e-03
8.605424110743669849e-03
8.605427500584232614e-03
8.605430600771193927e-03
8.605433355962198091e-03
8.605435697406481343e-03
8.605437538991714611e-03
8.605438771923561506e-03
8.605439257505138190e-03
8.605438817262951734e-03
8.605437219360382792e-03
8.605434159836361507e-03
8.605429236728126194e-03
8.605421914726525678e-03
8.605411478158096761e-03
8.605396972200231309e-03
8.605377140058215885e-03
8.605350386596894580e-03
8.605314857018550936e-03
8.605268847665027698e-03
8.605211981131625359e-03
8.605147679556394286e-03
8.605086538657864478e-03
8.605046881467435377e-03
8.605046298952983772e-03
8.605087522928310875e-03
8.605155844954488070e-03
8.605231831001810411e-03
8.605302494238608810e-03
8.605362733285971955e-03
8.605412174955201152e-03
8.605452317054954753e-03
8.605485035912458294e-03
8.605512015663075928e-03
8.605534606405729203e-03
8.605553841174885116e-03
8.605570496022297775e-03
8.605585151284907142e-03
8.605598242059442696e-03
8.605610096620950472e-03
8.605620964697482944e-03
8.605631038003254060e-03
8.605640465104206355e-03
8.605649362207352590e-03
8.605657821035506139e-03
8.605665914616778336e-03
8.605673701575966908e-03
8.605681229342803870e-03
8.605688536571350078e-03
8.605695654980136111e-03
8.605702610763500335e-03
8.605709425682818436e-03
8.605716117916753852e-03
8.605722702728770684e-03
8.605729192994812302e-03
8.605735599623328194e-03
8.605741931891732269e-03
8.605748197717526249e-03
8.605754403878104752e-03
8.605760556189842939e-03
8.605766659654812481e-03
8.605772718581507913e-03
8.605778736684660882e-03
8.605784717168080133e-03
8.605790662793669221e-03
8.605796575939109530e-03
8.605802458646260797e-03
8.605808312661772722e-03
8.605814139471331878e-03
8.605819940328541390e-03
8.605825716279234816e-03
8.605831468182041297e-03
8.605837196725673807e-03
8.605842902443457468e-03
8.605848585725481281e-03
8.605854246828683815e-03
8.605859885885152119e-03
8.605865502908833370e-03
8.605871097800850064e-03
8.605876670353580088e-03
8.605882220253602277e-03
8.605887747083628900e-03
8.605893250323477101e-03
8.605898729350188597e-03
8.605904183437332322e-03
8.605909611753528171e-03
8.605915013360212681e-03
8.605920387208745512e-03
8.605925732136787340e-03
8.605931046864053260e-03
8.605936329987389638e-03
8.605941579975271566e-03
8.605946795161694904e-03
8.605951973739509736e-03
8.605957113753238616e-03
8.605962213091455926e-03
8.605967269478787332e-03
8.605972280467614338e-03
8.605977243429685161e-03
8.605982155547729079e-03
8.605987013807367414e-03
8.605991814989612590e-03
8.605996555664312611e-03
8.606001232185066588e-03
8.606005840686185501e-03
8.606010377082543017e-03
8.606014837073181975e-03
8.606019216149958517e-03
8.606023509612609895e-03
8.606027712592088236e-03
8.606031820084238462e-03
8.606035826996458887e-03
8.606039728210303913e-03
8.606043518663654412e-03
8.606047193456461269e-03
8.606050747984731950e-03
8.606054178107705802e-03
8.606057480353680733e-03
8.606060652169834208e-03
8.606063692221093547e-03
8.606066600742189390e-03
8.606069379945076314e-03
8.606072034481071845e-03
8.606074571952473246e-03
8.606077003462265368e-03
8.606079344182261670e-03
8.606081613909888003e-03
8.606083837571784981e-03
8.606086045619913000e-03
8.606088274253744300e-03
8.606090565393192601e-03
8.606092966324361757e-03
8.606095528946741680e-03
8.606098308570489866e-03
8.606101362247133013e-03
8.606104746666311950e-03
8.606108515711379317e-03
8.606112717829230915e-03
8.606117393423722353e-03
8.606122572514305832e-03
8.606128272901386600e-03
8.606134499041920294e-03
8.606141241765636468e-03
8.606148478865479484e-03
8.606156176492732110e-03
8.606164291197072880e-03
8.606172772390348336e-03
8.606181564988211671e-03
8.606190611996251960e-03
8.606199856848533239e-03
8.606209245364877802e-03
8.606218727256281786e-03
8.606228257164647705e-03
8.606237795267661708e-03
8.606247307508826591e-03
8.606256765527649580e-03
8.606266146367960723e-03
8.606275432037079759e-03
8.606284608978101089e-03
8.606293667505333228e-03
8.606302601240138975e-03
8.606311406573308176e-03
8.606320082170399594e-03
8.606328628529065494e-03
8.606337047591753817e-03
8.606345342413385460e-03
8.606353516880882459e-03
8.606361575480137374e-03
8.606369523105141667e-03
8.606377364903846847e-03
8.606385106155536868e-03
8.606392752174778227e-03
8.606400308237564106e-03
8.606407779525798024e-03
8.606415171086701302e-03
8.606422487804341048e-03
8.606429734380907290e-03
8.606436915325692272e-03
8.606444034950118741e-03
8.606451097367618513e-03
8.606458106497079374e-03
8.606465066069206304e-03
8.606471979634936625e-03
8.606478850575565581e-03
8.606485682114022040e-03
8.606492477327110438e-03
8.606499239158463960e-03
8.606505970432103136e-03
8.606512673866539148e-03
8.606519352089364583e-03
8.606526007652498186e-03
8.606532643048040235e-03
8.606539260724990065e-03
8.606545863107004438e-03
8.606552452611462151e-03
8.606559031670148879e-03
8.606565602752049710e-03
8.606572168388691713e-03
8.606578731202744331e-03
8.606585293940642589e-03
8.606591859510280898e-03
8.606598431024995235e-03
8.606605011855446991e-03
8.606611605691455447e-03
8.606618216616328948e-03
8.606624849197058377e-03
8.606631508594744448e-03
8.606638200700915745e-03
8.606644932307271414e-03
8.606651711318946338e-03
8.606658547024716860e-03
8.606665450442693016e-03
8.606672434766638596e-03
8.606679515948307407e-03
8.606686713465244026e-03
8.606694051344974949e-03
8.606701559548108824e-03
8.606709275861152211e-03
8.606717248524773517e-03
8.606725539941049302e-03
8.606734231993760573e-03
8.606743433829555645e-03
8.606753293478475869e-03
8.606764015614217639e-03
8.606775889403978086e-03
8.606789333445729467e-03
8.606804970621387968e-03
8.606823757265975178e-03
8.606847214890408354e-03
8.606877863494847430e-03
8.606920065909674095e-03
8.606981725754029450e-03
8.607077672518000794e-03
8.607235296858067181e-03
8.607493989499720791e-03
8.607834600588675986e-03
8.607978355000614479e-03
8.607730658992243655e-03
8.607416593784470923e-03
8.607209703719235008e-03
8.607090130899030730e-03
8.607020831259144800e-03
8.606979518455390443e-03
8.606954326971595626e-03
8.606938871229841484e-03
8.606929570969925128e-03
8.606924325121294642e-03
8.606921846500820844e-03
8.606921315549522292e-03
8.606922192408968456e-03
8.606924110690538504e-03
8.606926815121642912e-03
8.606930123677549588e-03
8.606933903868043551e-03
8.606938057473822318e-03
8.606942510475858871e-03
8.606947206261192362e-03
8.606952100945997400e-03
8.606957160096708609e-03
8.606962356392735755e-03
8.606967667934886310e-03
8.606973077003962636e-03
8.606978569137944610e-03
8.606984132437937168e-03
8.606989757040418854e-03
8.606995434711866427e-03
8.607001158534457672e-03
8.607006922660269746e-03
8.607012722117472411e-03
8.607018552656338362e-03
8.607024410626043162e-03
8.607030292875442537e-03
8.607036196672640180e-03
8.607042119639451636e-03
8.607048059697664302e-03
8.607054015024775961e-03
8.607059984017366092e-03
8.607065965260642798e-03
8.607071957502987480e-03
8.607077959634655898e-03
8.607083970669830719e-03
8.607089989731487797e-03
8.607096016038574826e-03
8.607102048895091256e-03
8.607108087680852629e-03
8.607114131843514315e-03
8.607120180891832117e-03
8.607126234389802372e-03
8.607132291951688496e-03
8.607138353237670306e-03
8.607144417950154253e-03
8.607150485830539904e-03
8.607156556656432242e-03
8.607162630239239068e-03
8.607168706422054644e-03
8.607174785077852108e-03
8.607180866107908349e-03
8.607186949440402343e-03
8.607193035029223407e-03
8.607199122852951176e-03
8.607205212913901504e-03
8.607211305237382273e-03
8.607217399870970009e-03
8.607223496883923547e-03
8.607229596366686164e-03
8.607235698430424145e-03
8.607241803206653816e-03
8.607247910846917149e-03
8.607254021522504212e-03
8.607260135424246728e-03
8.607266252762325529e-03
8.607272373766114426e-03
8.607278498684119497e-03
8.607284627783842040e-03
8.607290761351801128e-03
8.607296899693471157e-03
8.607303043133342560e-03
8.607309192014916607e-03
8.607315346700819894e-03
8.607321507572844241e-03
8.607327675032088940e-03
8.607333849499064840e-03
8.607340031413848735e-03
8.607346221236220410e-03
8.607352419445834374e-03
8.607358626542362112e-03
8.607364843045686373e-03
8.607371069496036475e-03
8.607377306454134028e-03
8.607383554501310888e-03
8.607389814239606307e-03
8.607396086291813769e-03
8.607402371301477520e-03
8.607408669932807566e-03
8.607414982870537426e-03
8.607421310819637905e-03
8.607427654504951064e-03
8.607434014670612560e-03
8.607440392079364691e-03
8.607446787511588426e-03
8.607453201764118586e-03
8.607459635648771062e-03
8.607466089990512687e-03
8.607472565625247721e-03
8.607479063397167202e-03
8.607485584155536232e-03
8.607492128750967794e-03
8.607498698030959308e-03
8.607505292834731828e-03
8.607511913987181060e-03
8.607518562291914185e-03
8.607525238523221559e-03
8.607531943416877468e-03
8.607538677659686693e-03
8.607545441877584302e-03
8.607552236622243585e-03
8.607559062356068963e-03
8.607565919435396923e-03
8.607572808091880703e-03
8.607579728411991066e-03
8.607586680314504787e-03
8.607593663526090164e-03
8.607600677554947885e-03
8.607607721662637393e-03
8.607614794834348923e-03
8.607621895747765220e-03
8.607629022741068031e-03
8.607636173780519595e-03
8.607643346428330358e-03
8.607650537811628241e-03
8.607657744593599780e-03
8.607664962947923770e-03
8.607672188537857441e-03
8.607679416501567635e-03
8.607686641445223136e-03
8.607693857445655738e-03
8.607701058064317831e-03
8.607708236374122038e-03
8.607715385000731106e-03
8.607722496179481125e-03
8.607729561828697876e-03
8.607736573639635305e-03
8.607743523182609380e-03
8.607750402028083517e-03
8.607757201880613523e-03
8.607763914722683929e-03
8.607770532964622787e-03
8.607777049596082933e-03
8.607783458333920223e-03
8.607789753761049475e-03
8.607795931450818935e-03
8.607801988071754618e-03
8.607807921468032392e-03
8.607813730712206637e-03
8.607819416127676648e-03
8.607824979279924543e-03
8.607830422936862957e-03
8.607835751000160809e-03
8.607840968410654034e-03
8.607846081031980331e-03
8.607851095517354140e-03
8.607856019164954881e-03
8.607860859767290512e-03
8.607865625459936582e-03
8.607870324574414325e-03
8.607874965499400649e-03
8.607879556553569428e-03
8.607884105872598557e-03
8.607888621311919619e-03
8.607893110365969977e-03
8.607897580104053106e-03
8.607902037122224306e-03
8.607906487510173094e-03
8.607910936831747462e-03
8.607915390117482426e-03
8.607919851867451913e-03
8.607924326062712725e-03
8.607928816183642307e-03
8.607933325233600372e-03
8.607937855766519680e-03
8.607942409917100635e-03
8.607946989432589679e-03
8.607951595705197814e-03
8.607956229804383796e-03
8.607960892508469478e-03
8.607965584335065118e-03
8.607970305570035799e-03
8.607975056294722704e-03
8.607979836411311717e-03
8.607984645666259121e-03
8.607989483671757078e-03
8.607994349925264868e-03
8.607999243827192670e-03
8.608004164696786420e-03
8.608009111786342135e-03
8.608014084293836438e-03
8.608019081374124193e-03
8.608024102148784801e-03
8.608029145714773261e-03
8.608034211151950610e-03
8.608039297529625558e-03
8.608044403912211429e-03
8.608049529364072971e-03
8.608054672953670619e-03
8.608059833757075036e-03
8.608065010860912677e-03
8.608070203364839509e-03
8.608075410383544609e-03
8.608080631048429382e-03
8.608085864508882579e-03
8.608091109933328072e-03
8.608096366509956909e-03
8.608101633447280687e-03
8.608106909974433396e-03
8.608112195341360504e-03
8.608117488818779056e-03
8.608122789698054514e-03
8.608128097290904113e-03
8.608133410929020429e-03
8.608138729963554434e-03
8.608144053764515274e-03
8.608149381720059043e-03
8.608154713235687330e-03
8.608160047733339967e-03
8.608165384650395824e-03
8.608170723438592076e-03
8.608176063562785613e-03
8.608181404499667608e-03
8.608186745736304615e-03
8.608192086768589463e-03
8.608197427099541221e-03
8.608202766237452522e-03
8.608208103693856458e-03
8.608213438981342572e-03
8.608218771611133441e-03
8.608224101090456576e-03
8.608229426919649166e-03
8.608234748588997412e-03
8.608240065575218508e-03
8.608245377337609555e-03
8.608250683313771467e-03
8.608255982914890525e-03
8.608261275520423181e-03
8.608266560472253512e-03
8.608271837068094332e-03
8.608277104554104206e-03
8.608282362116565986e-03
8.608287608872507157e-03
8.608292843859060781e-03
8.608298066021357123e-03
8.608303274198746483e-03
8.608308467108995859e-03
8.608313643330147216e-03
8.608318801279608856e-03
8.608323939189950827e-03
8.608329055080778114e-03
8.608334146725965183e-03
8.608339211615233591e-03
8.608344246909075195e-03
8.608349249385426755e-03
8.608354215376546811e-03
8.608359140693770326e-03
8.608364020537533773e-03
8.608368849389166563e-03
8.608373620880210852e-03
8.608378327633683935e-03
8.608382961070321776e-03
8.608387511170666889e-03
8.608391966181324143e-03
8.608396312249926366e-03
8.608400532968739013e-03
8.608404608800171789e-03
8.608408516348512243e-03
8.608412227430061944e-03
8.608415707876661271e-03
8.608418915984055592e-03
8.608421800482900232e-03
8.608424297863093502e-03
8.608426328814684433e-03
8.608427793452428853e-03
8.608428564853803922e-03
8.608428480244931930e-03
8.608427328896365097e-03
8.608424835422057858e-03
8.608420636715399463e-03
8.608414250288924999e-03
8.608405031631410562e-03
8.608392119330243036e-03
8.608374371781165116e-03
8.608350315054314958e-03
8.608318163512287263e-03
8.608276073385419044e-03
8.608222977767076081e-03
8.608160549770208642e-03
8.608096453913105864e-03
8.608046637157616005e-03
8.608030596559877040e-03
8.608057711088235725e-03
8.608118620148680344e-03
8.608193829723125370e-03
8.608267384959157609e-03
8.608331612971595673e-03
8.608384835743009694e-03
8.608428118101182913e-03
8.608463303192212882e-03
8.608492176610652025e-03
8.608516212415366631e-03
8.608536552352134483e-03
8.608554057937206280e-03
8.608569373738874861e-03
8.608582982260198566e-03
8.608595246589974270e-03
8.608606442070575876e-03
8.608616779367923855e-03
8.608626421177031918e-03
8.608635494329502577e-03
8.608644098609846348e-03
8.608652313219099586e-03
8.608660201551227714e-03
8.608667814752864536e-03
8.608675194399272382e-03
8.608682374523378769e-03
8.608689383167316550e-03
8.608696243578579932e-03
8.608702975139487582e-03
8.608709594094880041e-03
8.608716114126013091e-03
8.608722546806191547e-03
8.608728901964964042e-03
8.608735187980985984e-03
8.608741412018897782e-03
8.608747580222017928e-03
8.608753697869878443e-03
8.608759769507676879e-03
8.608765799053084977e-03
8.608771789884823653e-03
8.608777744916302002e-03
8.608783666657163561e-03
8.608789557264783301e-03
8.608795418587547252e-03
8.608801252201233115e-03
8.608807059439735690e-03
8.608812841420898643e-03
8.608818599068392835e-03
8.608824333130104395e-03
8.608830044193603245e-03
8.608835732699118837e-03
8.608841398950324922e-03
8.608847043123264708e-03
8.608852665273598534e-03
8.608858265342409985e-03
8.608863843160717913e-03
8.608869398452793226e-03
8.608874930838469539e-03
8.608880439834442483e-03
8.608885924854696448e-03
8.608891385210065694e-03
8.608896820107072093e-03
8.608902228645935392e-03
8.608907609817906953e-03
8.608912962501937341e-03
8.608918285460608402e-03
8.608923577335484204e-03
8.608928836641802779e-03
8.608934061762564191e-03
8.608939250942077362e-03
8.608944402278951788e-03
8.608949513718638230e-03
8.608954583045511436e-03
8.608959607874711734e-03
8.608964585643728157e-03
8.608969513604012788e-03
8.608974388812742559e-03
8.608979208125045954e-03
8.608983968187086666e-03
8.608988665430326870e-03
8.608993296067728174e-03
8.608997856092403742e-03
8.609002341279778023e-03
8.609006747194215131e-03
8.609011069201630284e-03
8.609015302489576166e-03
8.609019442096925781e-03
8.609023482955537043e-03
8.609027419946709350e-03
8.609031247975896389e-03
8.609034962069418706e-03
8.609038557497760910e-03
8.609042029930180639e-03
8.609045375626022539e-03
8.609048591668109693e-03
8.609051676243466983e-03
8.609054628975898807e-03
8.609057451313465587e-03
8.609060146971351732e-03
8.609062722426731942e-03
8.609065187456738447e-03
8.609067555702990329e-03
8.609069845236844501e-03
8.609072079087962473e-03
8.609074285686402900e-03
8.609076499155925155e-03
8.609078759385848517e-03
8.609081111803437367e-03
8.609083606771816832e-03
8.609086298553067854e-03
8.609089243805601033e-03
8.609092499629154502e-03
8.609096121227765783e-03
8.609100159323939197e-03
8.609104657515928224e-03
8.609109649811406278e-03
8.609115158583488872e-03
8.609121193170787487e-03
8.609127749281665631e-03
8.609134809273007172e-03
8.609142343270445238e-03
8.609150311000136543e-03
8.609158664128818347e-03
8.609167348870641612e-03
8.609176308618966822e-03
8.609185486393337167e-03
8.609194826945932438e-03
8.609204278434210225e-03
8.609213793626819752e-03
8.609223330659245693e-03
8.609232853390423948e-03
8.609242331431558870e-03
8.609251739925272151e-03
8.609261059150347811e-03
8.609270274018662392e-03
8.609279373518666581e-03
8.609288350147363891e-03
8.609297199360625361e-03
8.609305919061539802e-03
8.609314509138304289e-03
8.609322971056819138e-03
8.609331307508768030e-03
8.609339522112915977e-03
8.609347619165576282e-03
8.609355603435163776e-03
8.609363479995491356e-03
8.609371254092366282e-03
8.609378931038519714e-03
8.609386516132267256e-03
8.609394014595796174e-03
8.609401431529583801e-03
8.609408771879861061e-03
8.609416040416666485e-03
8.609423241720221692e-03
8.609430380174025454e-03
8.609437459963086015e-03
8.609444485076214390e-03
8.609451459311431507e-03
8.609458386283732820e-03
8.609465269434648377e-03
8.609472112043129940e-03
8.609478917237520582e-03
8.609485688008242446e-03
8.609492427221173208e-03
8.609499137631537735e-03
8.609505821898380887e-03
8.609512482599508687e-03
8.609519122247152878e-03
8.609525743304369261e-03
8.609532348202393603e-03
8.609538939359196244e-03
8.609545519199580596e-03
8.609552090177155156e-03
8.609558654798709840e-03
8.609565215651581241e-03
8.609571775434742349e-03
8.609578336994563874e-03
8.609584903366405972e-03
8.609591477823471534e-03
8.609598063934865639e-03
8.609604665635100726e-03
8.609611287308235883e-03
8.609617933890525640e-03
8.609624610996739064e-03
8.609631325077029065e-03
8.609638083613329121e-03
8.609644895367446482e-03
8.609651770697362982e-03
8.609658721964244532e-03
8.609665764061424226e-03
8.609672915109238892e-03
8.609680197377882899e-03
8.609687638528085857e-03
8.609695273300689913e-03
8.609703145850187631e-03
8.609711313017218842e-03
8.609719848995018437e-03
8.609728852106680874e-03
8.609738454848256742e-03
8.609748839106971807e-03
8.609760259798216950e-03
8.609773082601794580e-03
8.609787846080144136e-03
8.609805367473032794e-03
8.609826929780231217e-03
8.609854626331259544e-03
8.609892022532301611e-03
8.609945474317027420e-03
8.610026786599115495e-03
8.610158128163668614e-03
8.610376401883430494e-03
8.610701915467667070e-03
8.610963591501744410e-03
8.610835399331804446e-03
8.610507480362820584e-03
8.610260318111941091e-03
8.610114376791893134e-03
8.610030357170990120e-03
8.609980776103261235e-03
8.609950737585853400e-03
8.609932301560234078e-03
8.609921085804482857e-03
8.609914559772072207e-03
8.609911196031097211e-03
8.609910034825841996e-03
8.609910451259875086e-03
8.609912025543937572e-03
8.609914467820610137e-03
8.609917573042812772e-03
8.609921193015162427e-03
8.609925218567683960e-03
8.609929567894313712e-03
8.609934178745776504e-03
8.609939003092701923e-03
8.609944003407711197e-03
8.609949150030419066e-03
8.609954419270437337e-03
8.609959792021898081e-03
8.609965252738183486e-03
8.609970788663934282e-03
8.609976389253272064e-03
8.609982045724558219e-03
8.609987750716261226e-03
8.609993498018676458e-03
8.609999282362950854e-03
8.610005099253947511e-03
8.610010944836831576e-03
8.610016815789859126e-03
8.610022709237691307e-03
8.610028622680872615e-03
8.610034553938132260e-03
8.610040501098946419e-03
8.610046462484340427e-03
8.610052436614336682e-03
8.610058422180825316e-03
8.610064418024860125e-03
8.610070423117566207e-03
8.610076436544045198e-03
8.610082457489780239e-03
8.610088485229054969e-03
8.610094519115155803e-03
8.610100558571948115e-03
8.610106603086732646e-03
8.610112652204071626e-03
8.610118705520513477e-03
8.610124762680027022e-03
8.610130823370091419e-03
8.610136887318299570e-03
8.610142954289410830e-03
8.610149024082825245e-03
8.610155096530371782e-03
8.610161171494389726e-03
8.610167248866054668e-03
8.610173328563938688e-03
8.610179410532761354e-03
8.610185494742258680e-03
8.610191581186255050e-03
8.610197669881820143e-03
8.610203760868545553e-03
8.610209854207916819e-03
8.610215949982770456e-03
8.610222048296837724e-03
8.610228149274310946e-03
8.610234253059543402e-03
8.610240359816719730e-03
8.610246469729647759e-03
8.610252583001538201e-03
8.610258699854867609e-03
8.610264820531239593e-03
8.610270945291324113e-03
8.610277074414788082e-03
8.610283208200271085e-03
8.610289346965411400e-03
8.610295491046858138e-03
8.610301640800337164e-03
8.610307796600730895e-03
8.610313958842178914e-03
8.610320127938185519e-03
8.610326304321765448e-03
8.610332488445589585e-03
8.610338680782141096e-03
8.610344881823869811e-03
8.610351092083376109e-03
8.610357312093537552e-03
8.610363542407687559e-03
8.610369783599731638e-03
8.610376036264256669e-03
8.610382301016579476e-03
8.610388578492781525e-03
8.610394869349651675e-03
8.610401174264557811e-03
8.610407493935228265e-03
8.610413829079403142e-03
8.610420180434345122e-03
8.610426548756201087e-03
8.610432934819110470e-03
8.610439339414147075e-03
8.610445763347913950e-03
8.610452207440864175e-03
8.610458672525250420e-03
8.610465159442588778e-03
8.610471669040716675e-03
8.610478202170212397e-03
8.610484759680233496e-03
8.610491342413598842e-03
8.610497951201086589e-03
8.610504586854798859e-03
8.610511250160539365e-03
8.610517941869042652e-03
8.610524662685971678e-03
8.610531413260586603e-03
8.610538194172876608e-03
8.610545005919144346e-03
8.610551848895869539e-03
8.610558723381775414e-03
8.610565629517981726e-03
8.610572567286232243e-03
8.610579536485182817e-03
8.610586536704691041e-03
8.610593567298331294e-03
8.610600627354142098e-03
8.610607715664003042e-03
8.610614830691873736e-03
8.610621970541465497e-03
8.610629132923902640e-03
8.610636315126223364e-03
8.610643513981587616e-03
8.610650725842381933e-03
8.610657946557492837e-03
8.610665171455176431e-03
8.610672395333186097e-03
8.610679612457799309e-03
8.610686816573506069e-03
8.610694000925032954e-03
8.610701158293291788e-03
8.610708281046567866e-03
8.610715361207863655e-03
8.610722390538894100e-03
8.610729360640476809e-03
8.610736263068456686e-03
8.610743089463284566e-03
8.610749831690711967e-03
8.610756481990002389e-03
8.610763033125400437e-03
8.610769478535911306e-03
8.610775812478030367e-03
8.610782030155954975e-03
8.610788127833923430e-03
8.610794102925881099e-03
8.610799954058542816e-03
8.610805681104930290e-03
8.610811285186842357e-03
8.610816768646206015e-03
8.610822134986531248e-03
8.610827388787210476e-03
8.610832535594465167e-03
8.610837581793571310e-03
8.610842534467727516e-03
8.610847401248962474e-03
8.610852190166494100e-03
8.610856909497663011e-03
8.610861567625660920e-03
8.610866172907915422e-03
8.610870733557736759e-03
8.610875257541299524e-03
8.610879752490916902e-03
8.610884225634971717e-03
8.610888683744107042e-03
8.610893133092911364e-03
8.610897579435667151e-03
8.610902027994755958e-03
8.610906483460044336e-03
8.610910949997377037e-03
8.610915431264656167e-03
8.610919930433745539e-03
8.610924450216810716e-03
8.610928992895691345e-03
8.610933560353264959e-03
8.610938154105669470e-03
8.610942775334759838e-03
8.610947424919988824e-03
8.610952103469330168e-03
8.610956811348774095e-03
8.610961548710216462e-03
8.610966315517503897e-03
8.610971111570539516e-03
8.610975936527473507e-03
8.610980789924928269e-03
8.610985671196318830e-03
8.610990579688384758e-03
8.610995514675987353e-03
8.611000475375300486e-03
8.611005460955509574e-03
8.611010470549126244e-03
8.611015503261060938e-03
8.611020558176541925e-03
8.611025634367990012e-03
8.611030730901008540e-03
8.611035846839478272e-03
8.611040981249972262e-03
8.611046133205476835e-03
8.611051301788529705e-03
8.611056486093851547e-03
8.611061685230545631e-03
8.611066898323844684e-03
8.611072124516559387e-03
8.611077362970172983e-03
8.611082612865717315e-03
8.611087873404367835e-03
8.611093143807828712e-03
8.611098423318572226e-03
8.611103711199878663e-03
8.611109006735727031e-03
8.611114309230579952e-03
8.611119618009022841e-03
8.611124932415295530e-03
8.611130251812731951e-03
8.611135575583071453e-03
8.611140903125718074e-03
8.611146233856831547e-03
8.611151567208414834e-03
8.611156902627202167e-03
8.611162239573526278e-03
8.611167577520020822e-03
8.611172915950258619e-03
8.611178254357200815e-03
8.611183592241567972e-03
8.611188929110046367e-03
8.611194264473324284e-03
8.611199597843951364e-03
8.611204928734027958e-03
8.611210256652625586e-03
8.611215581103018324e-03
8.611220901579605402e-03
8.611226217564525026e-03
8.611231528523947271e-03
8.611236833903947174e-03
8.611242133125937212e-03
8.611247425581615780e-03
8.611252710627287713e-03
8.611257987577568968e-03
8.611263255698295080e-03
8.611268514198562249e-03
8.611273762221748410e-03
8.611278998835337345e-03
8.611284223019384509e-03
8.611289433653378234e-03
8.611294629501185793e-03
8.611299809193834545e-03
8.611304971209631995e-03
8.611310113851229284e-03
8.611315235219000122e-03
8.611320333180043016e-03
8.611325405331932484e-03
8.611330448960180170e-03
8.611335460988106538e-03
8.611340437917450880e-03
8.611345375757828782e-03
8.611350269942393346e-03
8.611355115226706006e-03
8.611359905566736903e-03
8.611364633970969296e-03
8.611369292320248531e-03
8.611373871147036743e-03
8.611378359363366583e-03
8.611382743923624850e-03
8.611387009403859497e-03
8.611391137473514701e-03
8.611395106227489465e-03
8.611398889335519433e-03
8.611402454950780813e-03
8.611405764298486407e-03
8.611408769835836655e-03
8.611411412832900916e-03
8.611413620164740795e-03
8.611415300020512642e-03
8.611416336114466330e-03
8.611416579811332836e-03
8.611415839336342484e-03
8.611413864906927382e-03
8.611410328192615343e-03
8.611404794024517598e-03
8.611396681943191481e-03
8.611385215655041614e-03
8.611369361626540139e-03
8.611347768734706198e-03
8.611318750800598526e-03
8.611280427610669766e-03
8.611231294580268605e-03
8.611171715003907573e-03
8.611106781171263408e-03
8.611049484198747897e-03
8.611019290021006481e-03
8.611030952671537564e-03
8.611081754996897930e-03
8.611154078376608359e-03
8.611229565430901511e-03
8.611297603555303354e-03
8.611354768351744959e-03
8.611401440519058162e-03
8.611439327558418136e-03
8.611470287166186205e-03
8.611495916358319347e-03
8.611517473062185735e-03
8.611535912746907592e-03
8.611551951431619528e-03
8.611566124588148144e-03
8.611578834230873558e-03
8.611590384304613002e-03
8.611601006587739013e-03
8.611610879469039706e-03
8.611620141543508203e-03
8.611628901492028240e-03
8.611637245305215488e-03
8.611645241605762544e-03
8.611652945602630074e-03
8.611660402054183497e-03
8.611667647508008949e-03
8.611674712008418955e-03
8.611681620408987575e-03
8.611688393389582349e-03
8.611695048250508563e-03
8.611701599537094701e-03
8.611708059534511905e-03
8.611714438662231019e-03
8.611720745790599207e-03
8.611726988496364726e-03
8.611733173270103014e-03
8.611739305685513560e-03
8.611745390538246350e-03
8.611751431960351991e-03
8.611757433514943827e-03
8.611763398274871126e-03
8.611769328888373154e-03
8.611775227633918992e-03
8.611781096466318217e-03
8.611786937055391361e-03
8.611792750818646897e-03
8.611798538948764459e-03
8.611804302436821060e-03
8.611810042091860504e-03
8.611815758557369790e-03
8.611821452325099657e-03
8.611827123746617837e-03
8.611832773042848305e-03
8.611838400311910488e-03
8.611844005535428462e-03
8.611849588583471438e-03
8.611855149218312910e-03
8.611860687097077846e-03
8.611866201773387200e-03
8.611871692698100378e-03
8.611877159219179928e-03
8.611882600580786015e-03
8.611888015921571188e-03
8.611893404272265642e-03
8.611898764552561661e-03
8.611904095567333647e-03
8.611909396002166012e-03
8.611914664418294715e-03
8.611919899246906970e-03
8.611925098782871948e-03
8.611930261177928522e-03
8.611935384433378610e-03
8.611940466392312143e-03
8.611945504731542342e-03
8.611950496953247811e-03
8.611955440376545257e-03
8.611960332129181897e-03
8.611965169139540119e-03
8.611969948129358579e-03
8.611974665607535773e-03
8.611979317865513933e-03
8.611983900974970116e-03
8.611988410788605497e-03
8.611992842944981782e-03
8.611997192878827201e-03
8.612001455838187713e-03
8.612005626910416642e-03
8.612009701059191932e-03
8.612013673175296716e-03
8.612017538144313422e-03
8.612021290934964574e-03
8.612024926712284409e-03
8.612028440980348462e-03
8.612031829759806897e-03
8.612035089805496896e-03
8.612038218869608880e-03
8.612041216015185741e-03
8.612044081983696864e-03
8.612046819618208310e-03
8.612049434340358911e-03
8.612051934674399417e-03
8.612054332804795070e-03
8.612056645145083067e-03
8.612058892884947095e-03
8.612061102470203178e-03
8.612063305957790016e-03
8.612065541176366218e-03
8.612067851615662697e-03
8.612070285967166061e-03
8.612072897249058168e-03
8.612075741472012547e-03
8.612078875841592401e-03
8.612082356546034087e-03
8.612086236239852033e-03
8.612090561395472840e-03
8.612095369744087944e-03
8.612100688051287090e-03
8.612106530462310811e-03
8.612112897603392547e-03
8.612119776544233107e-03
8.612127141626074386e-03
8.612134956058347529e-03
8.612143174103361123e-03
8.612151743616697913e-03
8.612160608697357056e-03
8.612169712223116669e-03
8.612178998094166191e-03
8.612188413069031892e-03
8.612197908139062469e-03
8.612207439441670748e-03
8.612216968752989948e-03
8.612226463625582973e-03
8.612235897248172664e-03
8.612245248104718337e-03
8.612254499502891916e-03
8.612263639031121631e-03
8.612272657990461405e-03
8.612281550835376720e-03
8.612290314646556949e-03
8.612298948650004907e-03
8.612307453789568024e-03
8.612315832355145473e-03
8.612324087665166120e-03
8.612332223799926828e-03
8.612340245380850634e-03
8.612348157390477960e-03
8.612355965027683122e-03
8.612363673592967478e-03
8.612371288399096880e-03
8.612378814702758775e-03
8.612386257653559599e-03
8.612393622257146289e-03
8.612400913349697179e-03
8.612408135581558349e-03
8.612415293408106839e-03
8.612422391086267323e-03
8.612429432675519983e-03
8.612436422042244258e-03
8.612443362866741003e-03
8.612450258652195809e-03
8.612457112735163664e-03
8.612463928297158650e-03
8.612470708377126596e-03
8.612477455884590821e-03
8.612484173613378993e-03
8.612490864255870418e-03
8.612497530417784555e-03
8.612504174633587098e-03
8.612510799382602084e-03
8.612517407105994838e-03
8.612524000224892895e-03
8.612530581159894699e-03
8.612537152352326905e-03
8.612543716287699574e-03
8.612550275521945603e-03
8.612556832711086227e-03
8.612563390645228134e-03
8.612569952287901787e-03
8.612576520822184251e-03
8.612583099705214615e-03
8.612589692733320715e-03
8.612596304120565677e-03
8.612602938594272201e-03
8.612609601512244764e-03
8.612616299007839343e-03
8.612623038171066808e-03
8.612629827276658753e-03
8.612636676073801012e-03
8.612643596157784284e-03
8.612650601451174795e-03
8.612657708833503303e-03
8.612664938974138804e-03
8.612672317447033973e-03
8.612679876241613811e-03
8.612687655838746972e-03
8.612695708105641904e-03
8.612704100398538981e-03
8.612712921480867104e-03
8.612722290228080890e-03
8.612732368709309291e-03
8.612743382320077468e-03
8.612755651597081563e-03
8.612769643995757049e-03
8.612786060964097365e-03
8.612805989788545682e-03
8.612831179110384122e-03
8.612864560169271669e-03
8.612911272897495404e-03
8.612980736376223134e-03
8.613090683618708845e-03
8.613272866757884158e-03
8.613563569437088924e-03
8.613889142725950424e-03
8.613913410629668241e-03
8.613610057756539845e-03
8.613322722517200228e-03
8.613144983384226142e-03
8.613042770841475293e-03
8.612983065433421973e-03
8.612947189323465896e-03
8.612925223807847697e-03
8.612911773864745726e-03
8.612903774438167986e-03
8.612899403710155832e-03
8.612897532643793222e-03
8.612897435023417897e-03
8.612898628189088329e-03
8.612900781995001462e-03
8.612903664827075215e-03
8.612907110518814094e-03
8.612910997463852497e-03
8.612915235072389139e-03
8.612919754776262454e-03
8.612924503924260927e-03
8.612929441557129473e-03
8.612934535430978242e-03
8.612939759885980540e-03
8.612945094297563137e-03
8.612950521935495984e-03
8.612956029112852491e-03
8.612961604543892952e-03
8.612967238854359053e-03
8.612972924204289477e-03
8.612978653994855099e-03
8.612984422638525484e-03
8.612990225377448530e-03
8.612996058138842198e-03
8.613001917419111503e-03
8.613007800190305291e-03
8.613013703824180453e-03
8.613019626030239337e-03
8.613025564804822551e-03
8.613031518389151209e-03
8.613037485234530111e-03
8.613043463973396943e-03
8.613049453395105540e-03
8.613055452425612268e-03
8.613061460110373393e-03
8.613067475599891359e-03
8.613073498137439887e-03
8.613079527048681655e-03
8.613085561732753553e-03
8.613091601654691148e-03
8.613097646338925203e-03
8.613103695363690665e-03
8.613109748356228418e-03
8.613115804988644500e-03
8.613121864974327899e-03
8.613127928064874886e-03
8.613133994047377645e-03
8.613140062742151784e-03
8.613146134000658136e-03
8.613152207703802729e-03
8.613158283760387682e-03
8.613164362105794544e-03
8.613170442700801219e-03
8.613176525530627861e-03
8.613182610604012274e-03
8.613188697952470912e-03
8.613194787629641427e-03
8.613200879710703264e-03
8.613206974291879800e-03
8.613213071490013334e-03
8.613219171442212940e-03
8.613225274305531809e-03
8.613231380256722650e-03
8.613237489492013912e-03
8.613243602226946724e-03
8.613249718696246518e-03
8.613255839153703339e-03
8.613261963872151025e-03
8.613268093143390883e-03
8.613274227278212500e-03
8.613280366606418034e-03
8.613286511476849969e-03
8.613292662257477847e-03
8.613298819335502357e-03
8.613304983117436864e-03
8.613311154029260064e-03
8.613317332516554764e-03
8.613323519044646659e-03
8.613329714098788212e-03
8.613335918184304371e-03
8.613342131826757370e-03
8.613348355572111523e-03
8.613354589986856394e-03
8.613360835658116083e-03
8.613367093193753307e-03
8.613373363222376344e-03
8.613379646393328620e-03
8.613385943376596771e-03
8.613392254862616351e-03
8.613398581561966527e-03
8.613404924204953739e-03
8.613411283541009753e-03
8.613417660337907567e-03
8.613424055380760475e-03
8.613430469470757453e-03
8.613436903423577623e-03
8.613443358067480321e-03
8.613449834240947608e-03
8.613456332789908715e-03
8.613462854564386817e-03
8.613469400414550808e-03
8.613475971186095731e-03
8.613482567714820029e-03
8.613489190820342381e-03
8.613495841298836678e-03
8.613502519914710553e-03
8.613509227391038386e-03
8.613515964398726216e-03
8.613522731544217756e-03
8.613529529355633957e-03
8.613536358267292331e-03
8.613543218602403087e-03
8.613550110553921252e-03
8.613557034163507944e-03
8.613563989298460288e-03
8.613570975626760884e-03
8.613577992590182655e-03
8.613585039375674587e-03
8.613592114885193149e-03
8.613599217704274308e-03
8.613606346069890840e-03
8.613613497838004326e-03
8.613620670451684405e-03
8.613627860910568965e-03
8.613635065742796318e-03
8.613642280980625399e-03
8.613649502141107472e-03
8.613656724213436533e-03
8.613663941654539635e-03
8.613671148394773727e-03
8.613678337855298905e-03
8.613685502978869757e-03
8.613692636275406544e-03
8.613699729883439113e-03
8.613706775648117403e-03
8.613713765215762555e-03
8.613720690144360120e-03
8.613727542028484438e-03
8.613734312636362606e-03
8.613740994055821970e-03
8.613747578845117395e-03
8.613754060183928529e-03
8.613760432019243116e-03
8.613766689200682766e-03
8.613772827599864082e-03
8.613778844208707167e-03
8.613784737212477893e-03
8.613790506034148253e-03
8.613796151348173530e-03
8.613801675062916080e-03
8.613807080272631658e-03
8.613812371181162400e-03
8.613817553000752136e-03
8.613822631830457890e-03
8.613827614519183051e-03
8.613832508518810480e-03
8.613837321732927682e-03
8.613842062366225058e-03
8.613846738779391485e-03
8.613851359353249040e-03
8.613855932365422838e-03
8.613860465881596415e-03
8.613864967662889643e-03
8.613869445089792840e-03
8.613873905102599829e-03
8.613878354157644343e-03
8.613882798198147991e-03
8.613887242638283356e-03
8.613891692358785143e-03
8.613896151712383334e-03
8.613900624537339235e-03
8.613905114177432959e-03
8.613909623506858446e-03
8.613914154958671188e-03
8.613918710555517125e-03
8.613923291941685129e-03
8.613927900415535924e-03
8.613932536961663861e-03
8.613937202282203470e-03
8.613941896826892222e-03
8.613946620821547745e-03
8.613951374294777363e-03
8.613956157102817604e-03
8.613960968952392647e-03
8.613965809421650702e-03
8.613970677979141885e-03
8.613975574001019736e-03
8.613980496786419541e-03
8.613985445571216426e-03
8.613990419540267299e-03
8.613995417838181748e-03
8.614000439578854348e-03
8.614005483853767048e-03
8.614010549739235106e-03
8.614015636302695469e-03
8.614020742608132983e-03
8.614025867720703430e-03
8.614031010710711256e-03
8.614036170656945435e-03
8.614041346649494932e-03
8.614046537792078434e-03
8.614051743203964689e-03
8.614056962021507738e-03
8.614062193399390707e-03
8.614067436511540013e-03
8.614072690551848738e-03
8.614077954734627660e-03
8.614083228294879338e-03
8.614088510488421280e-03
8.614093800591832162e-03
8.614099097902261012e-03
8.614104401737125369e-03
8.614109711433689739e-03
8.614115026348510493e-03
8.614120345856825234e-03
8.614125669351808609e-03
8.614130996243736169e-03
8.614136325959059759e-03
8.614141657939390975e-03
8.614146991640351039e-03
8.614152326530358228e-03
8.614157662089255707e-03
8.614162997806878649e-03
8.614168333181413187e-03
8.614173667717680768e-03
8.614179000925236904e-03
8.614184332316299902e-03
8.614189661403494000e-03
8.614194987697384315e-03
8.614200310703768945e-03
8.614205629920716062e-03
8.614210944835304362e-03
8.614216254920030458e-03
8.614221559628838093e-03
8.614226858392720620e-03
8.614232150614853367e-03
8.614237435665144868e-03
8.614242712874184416e-03
8.614247981526440209e-03
8.614253240852643920e-03
8.614258490021179521e-03
8.614263728128379247e-03
8.614268954187499425e-03
8.614274167116194036e-03
8.614279365722182433e-03
8.614284548686856197e-03
8.614289714546429638e-03
8.614294861670148198e-03
8.614299988235095060e-03
8.614305092196853503e-03
8.614310171255280812e-03
8.614315222814373715e-03
8.614320243935047472e-03
8.614325231279322884e-03
8.614330181044068530e-03
8.614335088881966765e-03
8.614339949806889760e-03
8.614344758079931635e-03
8.614349507071558665e-03
8.614354189093972533e-03
8.614358795196095514e-03
8.614363314911504740e-03
8.614367735946601781e-03
8.614372043792513367e-03
8.614376221238912584e-03
8.614380247760811474e-03
8.614384098739739579e-03
8.614387744467107144e-03
8.614391148859094210e-03
8.614394267786110171e-03
8.614397411212686498e-03
