1.999999991688116222e-02
2.000077303275885066e-02
2.000615923351060227e-02
2.002079068201110396e-02
2.004929924278171446e-02
2.009631680084070574e-02
2.016647526639663707e-02
2.026440658064545403e-02
2.039474272293566315e-02
2.056211571954993933e-02
2.077115765422146709e-02
2.102650068010802897e-02
2.133277703197956551e-02
2.169461903523187130e-02
2.211665910390733444e-02
2.260352971135843464e-02
2.315986330227005549e-02
2.379029209318374652e-02
2.449944769083623602e-02
2.529196048507096478e-02
2.617245893963187839e-02
2.714556929324449253e-02
2.821591656007882074e-02
2.938812722363407653e-02
3.066683218468531369e-02
3.205666737334643412e-02
3.356227142241757083e-02
3.518828263991142374e-02
3.693933742365888839e-02
3.882007028642704693e-02
4.083511460570573431e-02
4.298910336982464386e-02
4.528666961148709175e-02
4.773244645672522490e-02
5.033106682637199930e-02
5.308716292898307126e-02
5.600536577063378735e-02
5.909030486825919692e-02
6.234660814341437540e-02
6.577890171838583766e-02
6.939180923440607662e-02
7.318995062468397483e-02
7.717794218525220185e-02
8.136040780557295127e-02
8.574202507398945294e-02
9.032756399761644739e-02
9.512171966952794044e-02
1.001289981781397914e-01
1.053539294585962710e-01
1.108011313773692719e-01
1.164752503222736407e-01
1.223809327939464758e-01
1.285228209910516950e-01
1.349055538162373391e-01
1.415337681403274206e-01
1.484120996184731811e-01
1.555451832060556483e-01
1.629376535610651544e-01
1.705941329295626030e-01
1.785192096017706453e-01
1.867176817718572968e-01
1.951940336550893884e-01
2.039529343871711586e-01
2.129990217844445755e-01
2.223369323295676936e-01
2.319570721520948231e-01
2.419065425766472877e-01
2.521477382428508052e-01
2.626992313685068692e-01
2.735656735105632120e-01
2.847516418482536893e-01
2.962611816573238466e-01
3.080983217175074507e-01
3.202741393184189156e-01
3.327851433865696151e-01
3.456387938949034844e-01
3.588395940604989232e-01
3.723865331912231680e-01
3.863023831592605761e-01
4.005741264714424155e-01
4.152112887837742794e-01
4.302191044156422617e-01
4.456028978405237595e-01
4.613669175050409410e-01
4.775117636714925062e-01
4.940480713867817508e-01
5.109782976439957158e-01
5.283072316057937368e-01
5.460393514246366653e-01
5.641779169625805723e-01
5.827293500711187013e-01
6.016972364639588955e-01
6.210875183132181787e-01
6.409032219536628938e-01
6.611466827355253484e-01
6.818331510546139507e-01
7.029560432589145869e-01
7.245227957717658152e-01
7.465400102237885749e-01
7.690107784851399897e-01
7.919419878533057178e-01
8.153332919634274090e-01
8.391927754917173354e-01
8.635258551348614642e-01
8.883352606756863556e-01
9.136288259445590754e-01
9.394059224667570263e-01
9.656760076810477766e-01
9.924405600589693011e-01
1.019706192426266478e+00
1.047478199553402822e+00
1.075756709573326919e+00
1.104552253207774504e+00
1.133864079236385214e+00
1.163704254447408326e+00
1.194063582864933970e+00
1.224965836395347285e+00
1.256404520317178308e+00
1.288378362919353037e+00
1.320900964079149142e+00
1.353976691918010289e+00
1.387605533519717937e+00
1.421800717511469081e+00
1.456555991531315097e+00
1.491883947391338339e+00
1.527783929904361182e+00
1.564265915594849066e+00
1.601330781407515946e+00
1.638985169767399386e+00
1.677229272674469085e+00
1.716076028800489484e+00
1.755519443174861971e+00
1.795571592000789973e+00
1.836235735679839554e+00
1.877517116781528994e+00
1.919416462730212380e+00
1.961944158634273849e+00
2.005102989440057826e+00
2.048891218702410200e+00
2.093325231110703122e+00
2.138399135185062860e+00
2.184123595118387495e+00
2.230502134994501340e+00
2.277536793566068862e+00
2.325238973046634516e+00
2.373599878563053878e+00
2.422637501333541721e+00
2.472350057693971870e+00
2.522743384005463607e+00
2.573822153823535075e+00
2.625591080264143784e+00
2.678058804217211097e+00
2.731222382704483476e+00
2.785093773420666441e+00
2.839674389465962623e+00
2.894965814073778620e+00
2.950984022933438755e+00
3.007709193620441201e+00
3.065172580850979323e+00
3.123362010858973026e+00
3.182289739124600114e+00
3.241963038112106510e+00
3.302383306293625420e+00
3.363546931216908842e+00
3.425471917195364924e+00
3.488152489936948708e+00
3.551597060526709093e+00
3.615814691872980546e+00
3.680810910624418231e+00
3.746574611236029639e+00
3.813126482857039701e+00
3.880467374769806632e+00
3.948593155678184363e+00
4.017525133461795406e+00
4.087257142041732294e+00
4.157793704682698710e+00
4.229142504608377706e+00
4.301302334571328601e+00
4.374286807048834547e+00
4.448096490133009340e+00
4.522733664801123155e+00
4.598202670199723840e+00
4.674518118221688390e+00
4.751676670888389076e+00
4.829673611671449152e+00
4.908527742071545852e+00
4.988237518206896759e+00
5.068813817383233555e+00
5.150253539427976257e+00
5.232565147918132098e+00
5.315752730094177814e+00
5.399820954826366481e+00
5.484773772985009899e+00
5.570615921894277456e+00
5.657355687635934771e+00
5.744990806039266040e+00
5.833529325958061840e+00
5.922977596636092912e+00
6.013338538042340531e+00
6.104612353217425458e+00
6.196814638902508499e+00
6.289943750604264139e+00
6.384005066444602861e+00
6.478998250375694212e+00
6.574931541767885967e+00
6.671810552216129508e+00
6.769644222744536144e+00
6.868429675084290587e+00
6.968174651525426810e+00
7.068882933182528028e+00
7.170559905757971642e+00
7.273205799280019868e+00
7.376837785808416648e+00
7.481446937402594699e+00
7.587045280404647762e+00
7.693634164208714488e+00
7.801221523827260640e+00
7.909805774838867265e+00
8.019397984293659576e+00
8.129999619046207826e+00
8.241616936651851688e+00
8.354253781752110086e+00
8.467914557097238060e+00
8.582603400222687640e+00
8.698325906246481054e+00
8.815086534857131895e+00
8.932889868111482556e+00
9.051740650064225235e+00
9.171644773170639198e+00
9.292602711644059710e+00
9.414622998801254639e+00
9.537709206181835597e+00
9.661865920632322968e+00
9.787097776399180660e+00
9.913409413720426500e+00
1.004080550709661246e+01
1.016929264362566343e+01
1.029886985004797495e+01
1.042954526615745969e+01
1.056132189306690528e+01
1.069421217705076366e+01
1.082821231806109985e+01
1.096332854213356356e+01
1.109956541493592930e+01
1.123692717136214014e+01
1.137542443245035351e+01
1.151505512878956417e+01
1.165582412713985860e+01
1.179773669859878460e+01
1.194079828035194346e+01
1.208501835186357631e+01
1.223039536848329334e+01
1.237693490175460553e+01
1.252464017237509175e+01
1.267351788407931679e+01
1.282357390765279881e+01
1.297481305719812994e+01
1.312723474671098067e+01
1.328084962934237545e+01
1.343566240319569616e+01
1.359167176965246071e+01
1.374888667515419449e+01
1.390731134531290891e+01
1.406694898331695320e+01
1.422780536005664764e+01
1.438988677529479965e+01
1.455319798766604045e+01
1.471773841765714863e+01
1.488351663890023246e+01
1.505054119602500506e+01
1.521880307930539367e+01
1.538832108866525594e+01
1.555909408957561979e+01
1.573112640443143917e+01
1.590442679145936999e+01
1.607899647712440938e+01
1.625484048124179992e+01
1.643196161719297521e+01
1.661036779597770874e+01
1.679006072414926720e+01
1.697104837209949935e+01
1.715333487317547068e+01
1.733691825066053838e+01
1.752181127308875830e+01
1.770801532454111893e+01
1.789553525596648242e+01
1.808437199291262587e+01
1.827454580450665844e+01
1.846603595612958415e+01
1.865886831030908155e+01
1.885303603780860726e+01
1.904854751193422047e+01
1.924540687092338942e+01
1.944361787645352990e+01
1.964319291746675233e+01
1.984412877359147132e+01
2.004642622917640082e+01
2.025009838927992689e+01
2.045514684580726694e+01
2.066157954409381148e+01
2.086940222103534026e+01
2.107859563994184526e+01
2.128919444671209149e+01
2.150119364825456714e+01
2.171459621860449474e+01
2.192940616025031630e+01
2.214562892103628400e+01
2.236328062420507479e+01
2.258233510343995576e+01
2.280282595356791475e+01
2.302474955849788429e+01
2.324810876805479865e+01
2.347290824558089284e+01
2.369915169257725651e+01
2.392685414484076389e+01
2.415600023412984498e+01
2.438660824644233571e+01
2.461868341393186199e+01
2.485222555406959799e+01
2.508724156523508597e+01
2.532373606172951241e+01
2.556171204641721673e+01
2.580117688320704517e+01
2.604213253623204238e+01
2.628458926909867088e+01
2.652853770814802559e+01
2.677399827765118090e+01
2.702096689288877940e+01
2.726945368204096809e+01
2.751945963489997737e+01
2.777098298407351251e+01
2.802403978948111529e+01
2.827862931359841525e+01
2.853475568568363485e+01
2.879242936175795009e+01
2.905164772430704900e+01
2.931241738193294211e+01
2.957474502604926414e+01
2.983863275832412043e+01
3.010408364642613677e+01
3.037111067507430562e+01
3.063970772445667023e+01
3.090989005995831462e+01
3.118165220117541026e+01
3.145500638693570039e+01
3.172996396991351986e+01
3.200649650438331406e+01
3.228464479532322429e+01
3.256440129453105214e+01
3.284576369322492440e+01
3.312875195855616539e+01
3.341335789565425074e+01
3.369958467398418378e+01
3.398745129598618320e+01
3.427694978846589891e+01
3.456808603659507639e+01
3.486086605291027496e+01
3.515529980803804477e+01
3.545138386720861945e+01
3.574913019234652012e+01
3.604853326174435324e+01
3.634960756142142912e+01
3.665235620880924472e+01
3.695677520103946279e+01
3.726287975689569976e+01
3.757067182139422101e+01
3.788015182431308148e+01
3.819132890402144653e+01
3.850420456059259777e+01
3.881878725986202028e+01
3.913507811128970104e+01
3.945307894314569808e+01
3.977280738146598793e+01
4.009425234456713127e+01
4.041736738339057666e+01
4.074233311852854200e+01
4.106898595448218003e+01
4.139736267793129798e+01
4.172749623546143738e+01
4.205937784928899958e+01
4.239301278961976749e+01
4.272841287514416564e+01
4.306557527588226719e+01
4.340450891192126193e+01
4.374522135051756067e+01
4.408770320755175476e+01
4.443197184696683877e+01
4.477802818552594033e+01
4.512587937354254564e+01
4.547552477263124615e+01
4.582698097523974923e+01
4.618022830119490862e+01
4.653530177686366898e+01
4.689217505661702745e+01
4.725087547530263521e+01
4.761140492490771692e+01
4.797376365419071931e+01
4.833795357603937504e+01
4.870398612724960685e+01
4.907185685988719115e+01
4.944157689896827890e+01
4.981315017379207433e+01
5.018657492300487633e+01
5.056187513636991326e+01
5.093903599796024650e+01
5.131806747778375666e+01
5.169897540508993217e+01
5.208176300252578272e+01
5.246643773622856344e+01
5.285299942421800523e+01
5.324145663602988066e+01
5.363181146944310029e+01
5.402407184544935603e+01
5.441823839886493630e+01
5.481431902342013274e+01
5.521231890361741534e+01
5.561223907140352196e+01
5.601408637927259804e+01
5.641773543649279077e+01
5.682358101344998147e+01
5.723123611583955039e+01
5.764083725496199406e+01
5.805238894964312379e+01
5.846589489964213016e+01
5.888135908609122993e+01
5.929878065520554742e+01
5.971819311104298578e+01
6.013955884682288655e+01
6.056290375192993736e+01
6.098823353854084672e+01
6.141555819643882330e+01
6.184486039397987867e+01
6.227616599991582547e+01
6.270946801775768620e+01
6.314478237026622764e+01
6.358210601491992264e+01
6.402144106516151112e+01
6.446288183958210993e+01
6.490617634743715314e+01
6.535158558783668070e+01
6.579902775857868846e+01
6.624850956653308742e+01
6.670003107375708851e+01
6.715359955727210206e+01
6.760922045128185687e+01
6.806689821780757654e+01
6.852663785559454368e+01
6.898843897064161013e+01
6.945231489031729666e+01
6.991826447113798793e+01
7.038629516586591706e+01
7.085641051147004532e+01
7.132861480619004624e+01
7.180291050755344884e+01
7.227931171945763822e+01
7.275780259090214486e+01
7.323840786728978003e+01
7.372112549140811666e+01
7.420595621580135060e+01
7.469290949151368864e+01
7.518199021764087320e+01
7.567320196463421667e+01
7.616654874211354809e+01
7.666203719508833103e+01
7.715967135630302209e+01
7.765945226545338187e+01
7.816138274468005420e+01
7.866552614322193904e+01
7.917172931565600891e+01
7.968014935837184964e+01
8.019074626104568893e+01
8.070351935525310694e+01
8.121847088592103603e+01
8.173561383976759487e+01
8.225495088281793699e+01
8.277647185515347417e+01
8.330020213499088300e+01
8.382612833573321609e+01
8.435427062198996850e+01
8.488462409883416626e+01
8.541719681087766958e+01
8.595199140254118220e+01
8.648901972448537379e+01
8.702827653372318650e+01
8.756976865390744535e+01
8.811350520824007049e+01
8.865948872095663091e+01
8.920772068979105995e+01
8.975821222205229333e+01
9.031096242860078860e+01
9.086597713957080202e+01
9.142326201452901557e+01
9.198281897401614060e+01
9.254466133169056263e+01
9.310878269913021654e+01
9.367519102375320017e+01
9.424389556766747944e+01
9.481489619840880323e+01
9.538819838119128747e+01
9.596380849369396060e+01
9.654172842540506849e+01
9.712196613524524480e+01
9.770452567122013932e+01
9.828940530125166219e+01
9.887662161223659041e+01
9.946616602861389822e+01
1.000580529817111994e+02
1.006522837808339972e+02
1.012488625465374668e+02
1.018477943528025946e+02
1.024490845789049160e+02
1.030527372569849831e+02
1.036587566926547623e+02
1.042671457643244537e+02
1.048779168229056609e+02
1.054910596094411517e+02
1.061066022220780383e+02
1.067245255765599836e+02
1.073448441599788907e+02
1.079675568062576900e+02
1.085926921393254219e+02
1.092202234616007104e+02
1.098501683755812337e+02
1.104825334628064866e+02
1.111173258513042725e+02
1.117545356920384592e+02
1.123941808405682394e+02
1.130362656496826332e+02
1.136807903033165417e+02
1.143277657584526139e+02
1.149771848300821517e+02
1.156290604493038927e+02
1.162833993594541937e+02
1.169402009970260679e+02
1.175994723320504960e+02
1.182612177812193295e+02
1.189254431220271755e+02
1.195921470688509203e+02
1.202613394596517224e+02
1.209330274492288169e+02
1.216072105171411124e+02
1.222838984966751070e+02
1.229630956003752686e+02
1.236447954013718089e+02
1.243290137431450404e+02
1.250157793699559363e+02
1.257050165418542207e+02
1.263968092808644030e+02
1.270911384130733381e+02
1.277880072724150580e+02
1.284874192152846888e+02
1.291893749558607851e+02
1.298938872407039185e+02
1.306009565306236766e+02
1.313105896798329297e+02
1.320227847463475825e+02
1.327375580850596464e+02
1.334549042552503693e+02
1.341748305956288050e+02
1.348973428759539956e+02
1.356224473602603382e+02
1.363501275940626272e+02
1.370804374878929366e+02
1.378133380495093832e+02
1.385488456456387496e+02
1.392869677411172233e+02
1.400277065796663010e+02
1.407710704021543222e+02
1.415170598920085752e+02
1.422656825429759522e+02
1.430169389868090661e+02
1.437708309621622220e+02
1.445273821348399395e+02
1.452865667381653054e+02
1.460484283923491375e+02
1.468129379864045347e+02
1.475801125797325426e+02
1.483499568180855590e+02
1.491224789420761283e+02
1.498976692557139359e+02
1.506755503217312366e+02
1.514561133817861958e+02
1.522393721523239662e+02
1.530253260610528798e+02
1.538139805394964412e+02
1.546053452191507915e+02
1.553994203731934647e+02
1.561962061077496173e+02
1.569957175356550749e+02
1.577979523049713748e+02
1.586029168758729782e+02
1.594106125516542818e+02
1.602210493930732014e+02
1.610342310752643584e+02
1.618501570013634705e+02
1.626688411170788129e+02
1.634902790074350207e+02
1.643144743475685914e+02
1.651414394593204236e+02
1.659711771638976643e+02
1.668036906508654340e+02
1.676389810198057546e+02
1.684770628535680999e+02
1.693179308619975814e+02
1.701615946911280730e+02
1.710080569203537664e+02
1.718573215845083269e+02
1.727093987163850954e+02
1.735642871501693207e+02
1.744219909534964188e+02
1.752825208099690428e+02
1.761458764693928742e+02
1.770120600140348017e+02
1.778810825810211043e+02
1.787529511670789475e+02
1.796276581640659344e+02
1.805052162380963807e+02
1.813856386784650851e+02
1.822689060892024315e+02
1.831550429193422360e+02
1.840440487107581191e+02
1.849359294947029184e+02
1.858306870536835902e+02
1.867283266440858256e+02
1.876288553916505180e+02
1.885322773728455275e+02
1.894385935182575622e+02
1.903478114730932305e+02
1.912599409373352728e+02
1.921749741484816809e+02
1.930929202541531993e+02
1.940137903497229104e+02
1.949375847245130444e+02
1.958643094994330056e+02
1.967939657548878927e+02
1.977265626788958173e+02
1.986621012850062016e+02
1.996005899293554933e+02
2.005420264325643416e+02
2.014864203612926588e+02
2.024337796009485544e+02
2.033841030336909341e+02
2.043373982992906406e+02
2.052936698961967181e+02
2.062529217913274522e+02
2.072151582203454154e+02
2.081803831975395553e+02
2.091486051630635927e+02
2.101198225729708327e+02
2.110940460974445045e+02
2.120712758990293594e+02
2.130515159421750582e+02
2.140347756155815091e+02
2.150210583741381640e+02
2.160103670378444178e+02
2.170027105368698415e+02
2.179980851972335927e+02
2.189965008998800613e+02
2.199979614016157257e+02
2.210024707656144471e+02
2.220100390124036096e+02
2.230206648943319294e+02
2.240343564493255428e+02
2.250511092294273965e+02
2.260709399660801466e+02
2.270938490954322333e+02
2.281198414728228840e+02
2.291489172680882689e+02
2.301810870074821480e+02
2.312163518854667075e+02
2.322547176057610727e+02
2.332961898856524954e+02
2.343407697675251029e+02
2.353884637298265545e+02
2.364392836941611336e+02
2.374932276151626240e+02
2.385502905427449036e+02
2.396104914072271299e+02
2.406738301694986717e+02
2.417403127700918333e+02
2.428099436776838047e+02
2.438827256146299476e+02
2.449586617490619744e+02
2.460377623274588075e+02
2.471200175631920217e+02
2.482054629068399834e+02
2.492940741588726610e+02
2.503858627741561236e+02
2.514808374896955740e+02
2.525789990724362326e+02
2.536803613329909695e+02
2.547849131497818860e+02
2.558926647101896492e+02
2.570036349811359173e+02
2.581178112112772851e+02
2.592352072315093778e+02
2.603558230849721440e+02
2.614796635770059083e+02
2.626067357559015250e+02
2.637370436901347261e+02
2.648705981909377556e+02
2.660073822103987027e+02
2.671474249712339883e+02
2.682907177264916641e+02
2.694372718976697456e+02
2.705870851433145958e+02
2.717401682288160032e+02
2.728965227134328302e+02
2.740561577951610275e+02
2.752190748516581493e+02
2.763852727922158579e+02
2.775547558586774812e+02
2.787275512448737231e+02
2.799036376075354156e+02
2.810830303076456858e+02
2.822657258437016026e+02
2.834517416177147879e+02
2.846410734647730578e+02
2.858337328089806988e+02
2.870297192352563229e+02
2.882290316355037021e+02
2.894316852133329689e+02
2.906376779887394264e+02
2.918470223516733881e+02
2.930597139042210415e+02
2.942757632255422209e+02
2.954951697424472741e+02
2.967179388241373204e+02
2.979440838658563280e+02
2.991736030386438756e+02
3.004064960144323209e+02
3.016427740184834079e+02
3.028824402564175102e+02
3.041255019227859862e+02
3.053719524852771201e+02
3.066218113626655395e+02
3.078750767404359863e+02
3.091317512403579713e+02
3.103918430242875388e+02
3.116553505187890210e+02
3.129222868658538346e+02
3.141926501279199897e+02
3.154664475136597162e+02
3.167436910776494869e+02
3.180243686994157883e+02
3.193084984687459382e+02
3.205960800053786670e+02
3.218871194781215195e+02
3.231816195124121691e+02
3.244795872262613443e+02
3.257810243611751844e+02
3.270859340437265246e+02
3.283943310406908722e+02
3.297062103214411763e+02
3.310215745880302620e+02
3.323404425967249836e+02
3.336628016189367258e+02
3.349886575209579291e+02
3.363180382189876241e+02
3.376509237004339070e+02
3.389872701107327657e+02
3.403272510871064469e+02
3.416707010506572715e+02
3.430176825827502398e+02
3.443681988545013724e+02
3.457222580141121284e+02
3.470798612610060445e+02
3.484410134667110697e+02
3.498057243378626708e+02
3.511739828092246398e+02
3.525458095021042482e+02
3.539212061114357653e+02
3.553001755374627351e+02
3.566827219359487913e+02
3.580688482065242511e+02
3.594585614419455624e+02
3.608518668374329650e+02
3.622487676979013713e+02
3.636492699500625463e+02
3.650533757221119231e+02
3.664610909172014317e+02
3.678724231976419219e+02
3.692873691205301157e+02
3.707059405407129020e+02
3.721281400120945477e+02
3.735539694198256484e+02
3.749834414446405049e+02
3.764165539251661698e+02
3.778533096301723617e+02
3.792937199211429515e+02
3.807377798465228693e+02
3.821855060037066210e+02
3.836368932312989273e+02
3.850919507649074944e+02
3.865506839952348628e+02
3.880130938296525187e+02
3.894791868402216437e+02
3.909489682270887556e+02
3.924224458677606435e+02
3.938996162224375439e+02
3.953804883469005631e+02
3.968650645658368035e+02
3.983533588504437830e+02
3.998453648422542415e+02
4.013410891515559911e+02
4.028405385259544005e+02
4.043437207594254801e+02
4.058506375775236847e+02
4.073612864987380249e+02
4.088756823320474041e+02
4.103938289913787685e+02
4.119157202412318952e+02
4.134413730168397478e+02
4.149707814591378110e+02
4.165039676619629745e+02
4.180409189187859624e+02
4.195816514251115450e+02
4.211261534834245026e+02
4.226744437285340155e+02
4.242265264315454374e+02
4.257824016691757265e+02
4.273420707041472042e+02
4.289055537233741688e+02
4.304728324848559851e+02
4.320439290353144202e+02
4.336188432048988943e+02
4.351975715241418925e+02
4.367801382820646268e+02
4.383665285481641831e+02
4.399567520731237096e+02
4.415508215358989901e+02
4.431487334799249993e+02
4.447504923210433390e+02
4.463561064284160693e+02
4.479655784249838462e+02
4.495789138308339261e+02
4.511961156019660848e+02
4.528171929649956269e+02
4.544421477903090931e+02
4.560709778543233597e+02
4.577036970470353481e+02
4.593403109174756764e+02
4.609808138285379755e+02
4.626252172005850412e+02
4.642735262387157036e+02
4.659257446977445056e+02
4.675818786423459983e+02
4.692419203649021142e+02
4.709058974553271355e+02
4.725738040930934289e+02
4.742456366576757318e+02
4.759214072390138313e+02
4.776011164993833518e+02
4.792847769374137670e+02
4.809723863021748116e+02
4.826639467189219772e+02
4.843594688865665034e+02
4.860589572764707214e+02
4.877624110189059934e+02
4.894698430889275187e+02
4.911812504029580850e+02
4.928966462776027697e+02
4.946160213174440514e+02
4.963393902457767126e+02
4.980667600561524750e+02
4.997981313379942208e+02
5.015335017912104263e+02
5.032728859332617048e+02
5.050163047724642524e+02
5.067637074740431444e+02
5.085151494929068008e+02
5.102706251004559590e+02
5.120301337449164976e+02
5.137936787618423295e+02
5.155612644635430115e+02
5.173329009517354962e+02
5.191085888551820062e+02
5.208883325287728212e+02
5.226721381987928225e+02
5.244600098262444590e+02
5.262519488738561222e+02
5.280479672828312232e+02
5.298480621403155055e+02
5.316522426128358347e+02
5.334605106829595798e+02
5.352728775578617615e+02
5.370893410308746070e+02
5.389099073601942109e+02
5.407345761124881847e+02
5.425633726905509775e+02
5.443962613585840700e+02
5.462332842285704828e+02
5.480744319334024794e+02
5.499197076987788932e+02
5.517691218112447586e+02
5.536226769841107398e+02
5.554803771692619421e+02
5.573422236481525260e+02
5.592082235270087267e+02
5.610783852475232152e+02
5.629527023308880871e+02
5.648311946998114763e+02
5.667138562193348434e+02
5.686006943577714310e+02
5.704917135985942878e+02
5.723869194397274214e+02
5.742863193554250074e+02
5.761898982382404029e+02
5.780976987703944587e+02
5.800096926149551564e+02
5.819258998194694641e+02
5.838463190227076893e+02
5.857709582346647039e+02
5.876998206628200023e+02
5.896329057623008794e+02
5.915702262056736345e+02
5.935117831794956373e+02
5.954575814206979203e+02
5.974076274279009340e+02
5.993619235785707815e+02
6.013204763950517417e+02
6.032832817442875921e+02
6.052503609494012835e+02
6.072217067241009545e+02
6.091973248811581243e+02
6.111772211975098799e+02
6.131614076914084990e+02
6.151498733988349841e+02
6.171426360034397476e+02
6.191396940694602335e+02
6.211410531604394691e+02
6.231467171330419887e+02
6.251566966606659435e+02
6.271709911517419869e+02
6.291896020582834126e+02
6.312125318440254205e+02
6.332398072560157516e+02
6.352714058752859501e+02
6.373073496666071378e+02
6.393476344847422297e+02
6.413922621937202848e+02
6.434412524177145087e+02
6.454945950304320377e+02
6.475523010337456071e+02
6.496143689175685267e+02
6.516808106914054406e+02
6.537516293156213578e+02
6.558268261599305333e+02
6.579064105714094239e+02
6.599903855331191380e+02
6.620787590775457829e+02
6.641715205962743767e+02
6.662686923540558155e+02
6.683702710630551564e+02
6.704762648300006731e+02
6.725866745732985237e+02
6.747015037329701954e+02
6.768207644449213376e+02
6.789444561507934850e+02
6.810725832163923315e+02
6.832051522284230032e+02
6.853421640639196539e+02
6.874836314237423949e+02
6.896295499960665438e+02
6.917799283092003861e+02
6.939347709742964980e+02
6.960940819711821632e+02
6.982578675118627416e+02
7.004261317901565462e+02
7.025988755352495900e+02
7.047761082208844527e+02
7.069578313068964235e+02
7.091440534030867866e+02
7.113347769739621071e+02
7.135300024802749022e+02
7.157297445579218902e+02
7.179339993101693835e+02
7.201427751365436052e+02
7.223560739141182694e+02
7.245739015239295213e+02
7.267962656771757111e+02
7.290231678660554735e+02
7.312546112870342085e+02
7.334906031563264150e+02
7.357311445885833336e+02
7.379762503805304732e+02
7.402259133680050809e+02
7.424801448282554475e+02
7.447389470141337142e+02
7.470023245898235018e+02
7.492702826668335092e+02
7.515428214258879507e+02
7.538199574283015636e+02
7.561016814634293723e+02
7.583880095873442997e+02
7.606789396993058290e+02
7.629744776750864048e+02
7.652746305722779425e+02
7.675794019704522952e+02
7.698887916085636789e+02
7.722028102785698138e+02
7.745214608451335607e+02
7.768447461450097080e+02
7.791726753155288634e+02
7.815052508396130406e+02
7.838424733202464267e+02
7.861843522996390448e+02
7.885308889621762773e+02
7.908820928555334149e+02
7.932379644093628031e+02
7.955985102367911850e+02
7.979637351164572010e+02
8.003336394731703649e+02
8.027082366978293066e+02
8.050875240575065845e+02
8.074715089477324454e+02
8.098601948696094723e+02
8.122535887406451138e+02
8.146516889871207923e+02
8.170545087192563187e+02
8.194620488240126406e+02
8.218743120555953965e+02
8.242913150517847498e+02
8.267130354787223041e+02
8.291395006020475194e+02
8.315707131394091220e+02
8.340066726732550251e+02
8.364473837428033676e+02
8.388928547373362790e+02
8.413430865191891144e+02
8.437980781745528702e+02
8.462578599858538837e+02
8.487224038650078910e+02
8.511917326138435556e+02
8.536658468694913608e+02
8.561447524404240994e+02
8.586284522266114436e+02
8.611169497931582555e+02
8.636102569411201557e+02
8.661083689661888911e+02
8.686112941133789036e+02
8.711190408010153305e+02
8.736316076755246058e+02
8.761490025351209852e+02
8.786712306450733649e+02
8.811982944405899616e+02
8.837302024453750846e+02
8.862669575575739600e+02
8.888085611032059887e+02
8.913550208293354444e+02
8.939063413318408493e+02
8.964625298519204080e+02
8.990235846601481171e+02
9.015895160405772231e+02
9.041603245412220531e+02
9.067360165692895180e+02
9.093165998176565381e+02
9.119020746491502223e+02
9.144924458268694707e+02
9.170877214917956053e+02
9.196879091713009302e+02
9.222929991601300799e+02
9.249030082734058169e+02
9.275179408844785485e+02
9.301377968610427160e+02
9.327625893055374036e+02
9.353923140610420432e+02
9.380269751565390379e+02
9.406665822431086781e+02
9.433111402652236848e+02
9.459606518022408181e+02
9.486151212782496032e+02
9.512745559349816631e+02
9.539389564028105042e+02
9.566083288570292780e+02
9.592826789588943939e+02
9.619620184127626317e+02
9.646463317715382573e+02
9.673356399199811904e+02
9.700299494057658194e+02
9.727292614571664444e+02
9.754335720148320661e+02
9.781428925861575863e+02
9.808572284539451402e+02
9.835765862138273405e+02
9.863009696043111489e+02
9.890303758445571702e+02
9.917648181558064380e+02
9.945042979240587329e+02
9.972488216627280053e+02
9.999983940189488294e+02
1.002753016263208224e+03
1.005512694854139681e+03
1.008277435614489718e+03
1.011047242557277400e+03
1.013822119425219284e+03
1.016602074558638265e+03
1.019387106016679468e+03
1.022177222047764872e+03
1.024972430102222461e+03
1.027772729850068117e+03
1.030578129203639946e+03
1.033388649017658054e+03
1.036204246123787016e+03
1.039024964749297624e+03
1.041850811876674243e+03
1.044681777750301990e+03
1.047517864429788233e+03
1.050359085262186227e+03
1.053205443497636224e+03
1.056056940909541936e+03
1.058913584388439858e+03
1.061775379870587585e+03
1.064642331833745857e+03
1.067514436538883501e+03
1.070391700751393955e+03
1.073274149134113486e+03
1.076161764783460058e+03
1.079054557057142574e+03
1.081952534223482644e+03
1.084855693030422799e+03
1.087764047143760763e+03
1.090677598745456635e+03
1.093596355545237884e+03
1.096520310198113975e+03
1.099449478554532334e+03
1.102383858179370918e+03
1.105323467523681074e+03
1.108268295254336863e+03
1.111218355616733788e+03
1.114173645420680941e+03
1.117134175483718309e+03
1.120099950961158811e+03
1.123070975692201273e+03
1.126047248676790105e+03
1.129028779527282950e+03
1.132015574290117229e+03
1.135007636618643119e+03
1.138004967735862692e+03
1.141007571733078294e+03
1.144015461774669575e+03
1.147028634547137699e+03
1.150047099841721547e+03
1.153070861617728269e+03
1.156099946381939617e+03
1.159134275586823151e+03
1.162173946500160810e+03
1.165218924081606474e+03
1.168269229162835018e+03
1.171324847883001212e+03
1.174385798255125110e+03
1.177452081026964606e+03
1.180523696780679984e+03
1.183600655298683478e+03
1.186682959445702181e+03
1.189770614437436279e+03
1.192863623255886068e+03
1.195961993977637803e+03
1.199065730032316651e+03
1.202174830533223485e+03
1.205289304482966827e+03
1.208409157757971798e+03
1.211534394075921682e+03
1.214665021054313229e+03
1.217801037304117472e+03
1.220942449236164293e+03
1.224089262949941485e+03
1.227241483553840908e+03
1.230399115949652696e+03
1.233562159255908909e+03
1.236730627891172162e+03
1.239904519749449946e+03
1.243083835085548571e+03
1.246268594615028405e+03
1.249458784250926101e+03
1.252654420292023360e+03
1.255855506340998545e+03
1.259062043599740491e+03
1.262274031946391688e+03
1.265491487115452856e+03
1.268714408878323638e+03
1.271942798104296799e+03
1.275176664206054511e+03
1.278416007824999951e+03
1.281660848962965702e+03
1.284911166903612411e+03
1.288166982378698094e+03
1.291428297253441315e+03
1.294695113322600491e+03
1.297967435509659936e+03
1.301245275921272196e+03
1.304528632833393203e+03
1.307817505980625128e+03
1.311111913274646668e+03
1.314411845764802820e+03
1.317717311549606393e+03
1.321028325225730669e+03
1.324344880541647854e+03
1.327666987859449591e+03
1.330994645069569515e+03
1.334327862861136964e+03
1.337666644451024013e+03
1.341010994764397310e+03
1.344360916409601259e+03
1.347716422500642011e+03
1.351077496271393329e+03
1.354444164509363191e+03
1.357816424081250489e+03
1.361194276550395898e+03
1.364577730601685516e+03
1.367966790734139522e+03
1.371361459244519665e+03
1.374761740699112124e+03
1.378167645523807778e+03
1.381579172385834681e+03
1.384996326203333638e+03
1.388419113746487710e+03
1.391847535065771126e+03
1.395281598204677493e+03
1.398721310931826338e+03
1.402166675543752717e+03
1.405617693736112415e+03
1.409074370958934196e+03
1.412536712943100383e+03
1.416004727494589815e+03
1.419478415446985991e+03
1.422957779434633494e+03
1.426442826891004415e+03
1.429933563744693856e+03
1.433429994685513748e+03
1.436932120921703472e+03
1.440439946758295946e+03
1.443953481856504595e+03
1.447472726273883836e+03
1.450997687235700596e+03
1.454528369116796057e+03
1.458064772365845101e+03
1.461606914576180088e+03
1.465154777531394302e+03
1.468708389657682801e+03
1.472267734685458208e+03
1.475832834452293127e+03
1.479403672990430778e+03
1.482980286332361629e+03
1.486562655597106186e+03
1.490150798579145430e+03
1.493744696064422897e+03
1.497344374692755082e+03
1.500949831718252426e+03
1.504561077967662186e+03
1.508178113014652354e+03
1.511800938737938850e+03
1.515429562779341722e+03
1.519063991612533528e+03
1.522704223773813510e+03
1.526350272277716385e+03
1.530002138410926136e+03
1.533659821043793727e+03
1.537323328819717744e+03
1.540992671587930545e+03
1.544667850369756934e+03
1.548348863325062894e+03
1.552035721068343719e+03
1.555728412030805430e+03
1.559426987181111826e+03
1.563131404574768112e+03
1.566841686973696824e+03
1.570557833618816858e+03
1.574279851223495598e+03
1.578007750410413564e+03
1.581741526173894272e+03
1.585481186269249747e+03
1.589226731160563531e+03
1.592978183128666387e+03
1.596735526333025064e+03
1.600498773725322735e+03
1.604267928745720837e+03
1.608042999747417298e+03
1.611823989817163465e+03
1.615610894444249425e+03
1.619403728448783568e+03
1.623202494887957300e+03
1.627007197889763802e+03
1.630817838031901147e+03
1.634634422613956303e+03
1.638456961910304926e+03
1.642285451355778832e+03
1.646119897157621153e+03
1.649960309487001496e+03
1.653806692797823644e+03
1.657659039815036522e+03
1.661517362467686553e+03
1.665381676251310864e+03
1.669251970786213178e+03
1.673128260069684757e+03
1.677010542293423896e+03
1.680898819352735927e+03
1.684793105219090421e+03
1.688693400696499111e+03
1.692599707854020835e+03
1.696512024855233904e+03
1.700430381406364631e+03
1.704354754369662487e+03
1.708285163058057378e+03
1.712221606929733753e+03
1.716164090222987170e+03
1.720112641651449621e+03
1.724067200219347797e+03
1.728027834239027470e+03
1.731994530269186271e+03
1.735967282952852884e+03
1.739946108567720103e+03
1.743931007112261796e+03
1.747921987099856096e+03
1.751919037130944844e+03
1.755922183296957201e+03
1.759931418597363063e+03
1.763946750451261096e+03
1.767968183147607988e+03
1.771995719743851396e+03
1.776029360368109337e+03
1.780069125374353916e+03
1.784115002595113538e+03
1.788167004479296793e+03
1.792225132106819046e+03
1.796289395277879521e+03
1.800359791992982764e+03
1.804436335581425055e+03
1.808519023020546683e+03
1.812607854308531842e+03
1.816702849865507687e+03
1.820804002186391699e+03
1.824911321706319086e+03
1.829024806939771679e+03
1.833144462640461597e+03
1.837270299944323597e+03
1.841402318810527959e+03
1.845540527048604645e+03
1.849684925308395123e+03
1.853835519369755730e+03
1.857992319272888381e+03
1.862155318771590828e+03
1.866324530979428573e+03
1.870499956294594767e+03
1.874681601458301884e+03
1.878869470660594970e+03
1.883063569700756034e+03
1.887263895569134775e+03
1.891470464001280334e+03
1.895683279486499487e+03
1.899902338990060571e+03
1.904127646765007967e+03
1.908359194651748567e+03
1.912597038199535518e+03
1.916841127654086449e+03
1.921091483843725655e+03
1.925348120301836161e+03
1.929611034192551415e+03
1.933880232655393002e+03
1.938155720667958803e+03
1.942437493855726188e+03
1.946725564588909265e+03
1.951019944251541574e+03
1.955320631305100733e+03
1.959627619786889454e+03
1.963940924047074986e+03
1.968260557721982195e+03
1.972586507306797330e+03
1.976918794804165373e+03
1.981257412906604486e+03
1.985602369537954928e+03
1.989953662312892448e+03
1.994311312167204960e+03
1.998675309908722511e+03
2.003045663968529880e+03
2.007422381714586663e+03
2.011805463182436142e+03
2.016194916629614454e+03
2.020590744451839328e+03
2.024992951147909025e+03
2.029401533167940215e+03
2.033816528848218468e+03
2.038237905297100269e+03
2.042665677624997670e+03
2.047099853138674916e+03
2.051540431868071664e+03
2.055987431386975004e+03
2.060440844840196860e+03
2.064900677933487259e+03
2.069366937851131752e+03
2.073839627829864639e+03
2.078318745799567296e+03
2.082804311915491780e+03
2.087296318835829425e+03
2.091794777470384361e+03
2.096299686543211010e+03
2.100811056082064169e+03
2.105328884641472087e+03
2.109853184045486614e+03
2.114383953289332112e+03
2.118921202729271499e+03
2.123464928695009803e+03
2.128015140524592425e+03
2.132571845375571229e+03
2.137135043378526916e+03
2.141704739132296709e+03
2.146280942559270898e+03
2.150863653109312509e+03
2.155452872866141661e+03
2.160048618467548295e+03
2.164650883104631703e+03
2.169259675316812263e+03
2.173874998118551957e+03
2.178496856881908116e+03
2.183125254859673532e+03
2.187760206683810338e+03
2.192401701940304065e+03
2.197049752730222281e+03
2.201704363078588358e+03
2.206365534543638660e+03
2.211033282974679878e+03
2.215707599158512949e+03
2.220388487930228621e+03
2.225075973034628987e+03
2.229770040106803663e+03
2.234470697819092948e+03
2.239177950908016101e+03
2.243891799698392788e+03
2.248612267975633586e+03
2.253339344270124002e+03
2.258073028004155276e+03
2.262813333076875097e+03
2.267560266721162407e+03
2.272313820205596130e+03
2.277074015190213686e+03
2.281840847309235414e+03
2.286614322271971105e+03
2.291394444272271357e+03
2.296181218950152470e+03
2.300974650900011966e+03
2.305774742546600010e+03
2.310581500050482191e+03
2.315394929475543449e+03
2.320215040947170564e+03
2.325041820676528005e+03
2.329875289056732981e+03
2.334715448208275120e+03
2.339562301599827151e+03
2.344415854382824818e+03
2.349276108387119621e+03
2.354143070892376272e+03
2.359016746721911204e+03
2.363897139154144952e+03
2.368784245993455443e+03
2.373678093942640317e+03
2.378578664702592505e+03
2.383485979509924618e+03
2.388400023755999428e+03
2.393320819597813625e+03
2.398248364217230574e+03
2.403182664027987357e+03
2.408123717231040700e+03
2.413071539856072377e+03
2.418026129334059988e+03
2.422987496621744867e+03
2.427955635818020255e+03
2.432930562500753240e+03
2.437912273565816122e+03
2.442900774085866033e+03
2.447896073262272239e+03
2.452898175183544026e+03
2.457907079352285564e+03
2.462922793040746910e+03
2.467945328564751890e+03
2.472974679933615334e+03
2.478010854689963253e+03
2.483053862184849550e+03
2.488103693957862561e+03
2.493160379524188556e+03
2.498223900212859007e+03
2.503294269103114402e+03
2.508371495596905334e+03
2.513455568430478706e+03
2.518546512871281720e+03
2.523644321743421642e+03
2.528749002265033141e+03
2.533860555010810913e+03
2.538978990823860386e+03
2.544104310610304765e+03
2.549236524388546059e+03
2.554375629758029845e+03
2.559521636059630055e+03
2.564674549511692476e+03
2.569834362286218493e+03
2.575001097014855986e+03
2.580174744635480693e+03
2.585355318987551982e+03
2.590542821577654195e+03
2.595737256728638840e+03
2.600938624098746459e+03
2.606146935788831797e+03
2.611362194856759288e+03
2.616584404806721977e+03
2.621813571228948149e+03
2.627049687708504734e+03
2.632292787104938725e+03
2.637542845496159316e+03
2.642799878729877946e+03
2.648063892739721268e+03
2.653334893868087875e+03
2.658612881776286486e+03
2.663897858760451072e+03
2.669189836389293305e+03
2.674488819233747108e+03
2.679794809040128257e+03
2.685107806055378660e+03
2.690427825289707016e+03
2.695754866055499406e+03
2.701088928407138155e+03
2.706430022051437845e+03
2.711778157432446733e+03
2.717133331556163284e+03
2.722495549375115843e+03
2.727864815095789254e+03
2.733241135763939383e+03
2.738624516241075526e+03
2.744014960899409743e+03
2.749412474326110896e+03
2.754817061548455513e+03
2.760228726749588986e+03
2.765647473680980056e+03
2.771073307208687311e+03
2.776506232846266812e+03
2.781946258734757066e+03
2.787393386537205060e+03
2.792847616053157708e+03
2.798308957675689271e+03
2.803777414218850481e+03
2.809252994635863615e+03
2.814735709384361598e+03
2.820225533276174247e+03
2.825722499463364329e+03
2.831226609471954816e+03
2.836737859967255645e+03
2.842256260066135383e+03
2.847781816567841361e+03
2.853314529152371051e+03
2.858854401561327450e+03
2.864401447053368429e+03
2.869955662402243888e+03
2.875517056384802800e+03
2.881085625918564347e+03
2.886661386145930464e+03
2.892244336256896077e+03
2.897834486130767800e+03
2.903431834385357433e+03
2.909036387392691722e+03
2.914648147872919253e+03
2.920267126523172465e+03
2.925893325071741401e+03
2.931526747288126899e+03
2.937167397415968935e+03
2.942815290703581013e+03
2.948470404884846175e+03
2.954132771732712172e+03
2.959802383689749149e+03
2.965479249370341677e+03
2.971163373448376660e+03
2.976854756592325884e+03
2.982553406701859785e+03
2.988259327804167242e+03
2.993972531477611938e+03
2.999693009540800631e+03
3.005420772640562063e+03
3.011155828303850285e+03
3.016898174658277640e+03
3.022647827644325389e+03
3.028404783771292387e+03
3.034169046365058421e+03
3.039940620636677068e+03
3.045719519419026255e+03
3.051505738958258462e+03
3.057299286245706753e+03
3.063100166073756100e+03
3.068908381600907433e+03
3.074723937228722662e+03
3.080546845428386405e+03
3.086377104178255195e+03
3.092214716384698932e+03
3.098059690860462979e+03
3.103912032036858818e+03
3.109771741175137322e+03
3.115638825803013788e+03
3.121513292000104684e+03
3.127395140957988133e+03
3.133284379201975753e+03
3.139181008903331985e+03
3.145085043694371052e+03
3.150996479143652323e+03
3.156915322766646568e+03
3.162841577943223001e+03
3.168775250859988319e+03
3.174716342476343925e+03
3.180664864795508038e+03
3.186620815443965512e+03
3.192584209484619350e+03
3.198555039461989054e+03
3.204533313527923838e+03
3.210519042498016915e+03
3.216512224760557729e+03
3.222512856040898896e+03
3.228520969871177385e+03
3.234536547373681969e+03
3.240559599773487662e+03
3.246590123702134406e+03
3.252628134668273105e+03
3.258673632335983257e+03
3.264726625723139023e+03
3.270787116582681392e+03
3.276855102416538102e+03
3.282930603271386190e+03
3.289013613049188280e+03
3.295104137174758762e+03
3.301202181795408251e+03
3.307307753878337280e+03
3.313420856866631311e+03
3.319541494731018247e+03
3.325669670905396288e+03
3.331805390178853486e+03
3.337948662218413574e+03
3.344099485856294450e+03
3.350257867419109971e+03
3.356423826288887540e+03
3.362597325053130135e+03
3.368778428736708065e+03
3.374967071620145816e+03
3.381163312452489208e+03
3.387367146728758598e+03
3.393578571635398021e+03
3.399797585130698280e+03
3.406024212408185122e+03
3.412258424786015439e+03
3.418500258044893144e+03
3.424749706731838160e+03
3.431006771207545626e+03
3.437271463478828537e+03
3.443543781818515981e+03
3.449823733572695346e+03
3.456111329641335033e+03
3.462406555646487050e+03
3.468709434184681413e+03
3.475019996545403046e+03
3.481338155371511675e+03
3.487664008506445953e+03
3.493997518659371508e+03
3.500338707235206130e+03
3.506687566654394686e+03
3.513044104943811817e+03
3.519408334597309022e+03
3.525780249090149027e+03
3.532159859231437622e+03
3.538547163608724986e+03
3.544942175403484725e+03
3.551344890750412560e+03
3.557755318745913883e+03
3.564173468420849531e+03
3.570599337611513874e+03
3.577032929732142293e+03
3.583474263530099961e+03
3.589923323773645734e+03
3.596380129280421897e+03
3.602844677946597585e+03
3.609316964747556085e+03
3.615797023442086811e+03
3.622284834886121189e+03
3.628780408531006287e+03
3.635283752092815575e+03
3.641794867910316952e+03
3.648313757704645468e+03
3.654840429308609600e+03
3.661374893784260166e+03
3.667917147622065386e+03
3.674467201771648433e+03
3.681025045671895896e+03
3.687590701545174852e+03
3.694164166729221506e+03
3.700745443414386500e+03
3.707334544218947485e+03
3.713931469719530014e+03
3.720536217527412646e+03
3.727148799657194104e+03
3.733769222493404413e+03
3.740397491700372484e+03
3.747033601713946609e+03
3.753677558973846772e+03
3.760329374520199053e+03
3.766989056268542299e+03
3.773656600250883912e+03
3.780332013243301844e+03
3.787015307961543840e+03
3.793706470878285018e+03
3.800405522606385148e+03
3.807112464187118348e+03
3.813827296307544202e+03
3.820550026724313739e+03
3.827280659256850868e+03
3.834019200207451377e+03
3.840765651815552701e+03
3.847520021781505875e+03
3.854282306829260506e+03
3.861052520329948493e+03
3.867830664418742799e+03
3.874616742718912064e+03
3.881410755411548962e+03
3.888212715533646133e+03
3.895022622445128945e+03
3.901840483447005681e+03
3.908666300704092919e+03
3.915500081904801391e+03
3.922341829164428418e+03
3.929191547126673413e+03
3.936049241041846926e+03
3.942914910449107538e+03
3.949788572005447804e+03
3.956670221676839901e+03
3.963559860064521217e+03
3.970457501913426313e+03
3.977363147458302137e+03
3.984276800803543210e+03
3.991198462468405523e+03
3.998128143660873320e+03
4.005065844282326907e+03
4.012011575012960748e+03
4.018965333952140099e+03
4.025927127919792838e+03
4.032896963773567677e+03
4.039874840902785763e+03
4.046860769327410708e+03
4.053854752877582087e+03
4.060856790738321706e+03
4.067866892466354329e+03
4.074885059306202493e+03
4.081911297468780958e+03
4.088945619803445425e+03
4.095988014630484486e+03
4.103038496350393871e+03
4.110097070936991258e+03
4.117163737247505196e+03
4.124238503655830755e+03
4.131321374553470378e+03
4.138412352553489654e+03
4.145511444225096056e+03
4.152618652957670747e+03
4.159733984014686939e+03
4.166857439043966224e+03
4.173989024455649997e+03
4.181128748772115614e+03
4.188276615984817909e+03
4.195432621879700491e+03
4.202596777736453078e+03
4.209769087776371634e+03
4.216949558018704920e+03
4.224138188198378884e+03
4.231334989407551802e+03
4.238539957136648809e+03
4.245753102025092630e+03
4.252974435779228770e+03
4.260203948049906103e+03
4.267441649125914410e+03
4.274687538182542994e+03
4.281941643948329329e+03
4.289203946365312731e+03
4.296474455216084607e+03
4.303753175600289978e+03
4.311040111552541021e+03
4.318335273211955609e+03
4.325638659888473740e+03
4.332950277839629052e+03
4.340270131843850322e+03
4.347598223984750803e+03
4.354934561733238297e+03
4.362279146876588129e+03
4.369631986901783421e+03
4.376993084662662113e+03
4.384362444832056099e+03
4.391740072980004697e+03
4.399125971528766058e+03
4.406520147360628471e+03
4.413922602165550416e+03
4.421333341384573941e+03
4.428752373079953941e+03
4.436179693648232387e+03
4.443615321597570983e+03
4.451059248373975606e+03
4.458511478749671369e+03
4.465972025985648543e+03
4.473440891875575289e+03
4.480918076272801045e+03
4.488403588851946552e+03
4.495897431303446865e+03
4.503399606774693893e+03
4.510910121459404763e+03
4.518428983297925697e+03
4.525956191374322771e+03
4.533491750862853223e+03
4.541035670553619639e+03
4.548587952863929786e+03
4.556148598881202815e+03
4.563717618134730401e+03
4.571295013394573289e+03
4.578880786919560705e+03
4.586474944866289661e+03
4.594077495920183537e+03
4.601688438129812312e+03
4.609307777981943218e+03
4.616935518810416397e+03
4.624571670343304504e+03
4.632216235219801092e+03
4.639869212176782639e+03
4.647530610854930273e+03
4.655200430064430293e+03
4.662878690142069900e+03
4.670565378975164094e+03
4.678260507334621252e+03
4.685964079357258015e+03
4.693676098042501508e+03
4.701396570783894276e+03
4.709125499286560625e+03
4.716862884951912747e+03
4.724608746300121311e+03
4.732363073597023686e+03
4.740125861254112351e+03
4.747897157134053487e+03
4.755676916887599873e+03
4.763465179290815286e+03
4.771261927216820368e+03
4.779067170963418903e+03
4.786880918202072280e+03
4.794703170588952162e+03
4.802533938976946047e+03
4.810373221002921127e+03
4.818221023738923577e+03
4.826077349112684715e+03
4.833942208774242317e+03
4.841815601712503849e+03
4.849697528419411356e+03
4.857588008297351735e+03
4.865487019635751494e+03
4.873394590320489442e+03
4.881310715338468071e+03
4.889235408744124470e+03
4.897168662877887982e+03
4.905110489824746764e+03
4.913060889773078998e+03
4.921019870257235198e+03
4.928987433182940549e+03
4.936963584202768288e+03
4.944948328651281372e+03
4.952941672056614152e+03
4.960943615151431004e+03
4.968954158096653373e+03
4.976973323547252221e+03
4.985001101417373320e+03
4.993037500085392821e+03
5.001082522531671202e+03
5.009136174712268257e+03
5.017198457350998069e+03
5.025269377385376174e+03
5.033348944486757318e+03
5.041437154157415534e+03
5.049534023077494567e+03
5.057639551902014318e+03
5.065753728290695108e+03
5.073876579801565640e+03
5.082008091875207356e+03
5.090148286986881430e+03
5.098297158284473880e+03
5.106454716392185219e+03
5.114620961808115680e+03
5.122795901308570137e+03
5.130979532826986542e+03
5.139171869757089553e+03
5.147372909695400267e+03
5.155582668262365587e+03
5.163801139324896212e+03
5.172028329014158771e+03
5.180264244276272620e+03
5.188508891981165107e+03
5.196762265392986592e+03
5.205024385854876527e+03
5.213295246255983329e+03
5.221574856754038592e+03
5.229863214635795885e+03
5.238160331536308149e+03
5.246466211523069433e+03
5.254780860153756294e+03
5.263104270557607379e+03
5.271436458073434551e+03
5.279777442696451544e+03
5.288127184560433307e+03
5.296485728207887405e+03
5.304853065200866695e+03
5.313229199826490003e+03
5.321614157630840964e+03
5.330007882104056080e+03
5.338410438470600639e+03
5.346821814516087215e+03
5.355242005696696651e+03
5.363671025479425225e+03
5.372108876309595871e+03
5.380555567361257999e+03
5.389011088769269008e+03
5.397475451308666379e+03
5.405948667951001880e+03
5.414430734311672495e+03
5.422921665629633026e+03
5.431421455849835183e+03
5.439930106313373471e+03
5.448447640473109459e+03
5.456974045229485455e+03
5.465509329282972431e+03
5.474053499514460782e+03
5.482606558927219339e+03
5.491168517059268197e+03
5.499739370014207452e+03
5.508319132768599957e+03
5.516907803288481773e+03
5.525505380362411415e+03
5.534111911420237448e+03
5.542727300365273550e+03
5.551351646233091742e+03
5.559984924568019778e+03
5.568627141967808711e+03
5.577278304292780376e+03
5.585938401281627193e+03
5.594607431552734852e+03
5.603285460941026940e+03
5.611972427605682242e+03
5.620668358727997656e+03
5.629373260110382944e+03
5.638087125697128613e+03
5.646809980412976984e+03
5.655541812685851255e+03
5.664282638880114064e+03
5.673032448343742544e+03
5.681791257615580435e+03
5.690559071086684526e+03
5.699335887900810121e+03
5.708121714570743279e+03
5.716916556607336133e+03
5.725720422388554653e+03
5.734533305071963696e+03
5.743355222036368104e+03
5.752186172859915132e+03
5.761026161050554038e+03
5.769875194213143914e+03
5.778733273783439472e+03
5.787600404621513007e+03
5.796476594714775274e+03
5.805361845895267834e+03
5.814256161295546917e+03
5.823159551518314402e+03
5.832072016106381852e+03
5.840993563165950036e+03
5.849924193523360373e+03
5.858863913412197689e+03
5.867812730550106608e+03
5.876770646266597396e+03
5.885737662451191682e+03
5.894713789408207958e+03
5.903699030560412211e+03
5.912693389793587812e+03
5.921696873831818266e+03
5.930709481836998748e+03
5.939731223291080823e+03
5.948762103962458241e+03
5.957802122275871625e+03
5.966851289000838733e+03
5.975909606668914421e+03
5.984977076493800269e+03
5.994053710139828581e+03
6.003139509680004267e+03
6.012234479071245914e+03
6.021338624028546292e+03
6.030451940786891100e+03
6.039574446509219342e+03
6.048706142443835233e+03
6.057847029026097516e+03
6.066997116985652610e+03
6.076156402833362336e+03
6.085324903786509822e+03
6.094502611258717479e+03
6.103689536715147369e+03
6.112885682038319828e+03
6.122091058326740495e+03
6.131305661763583885e+03
6.140529503052832297e+03
6.149762579734091560e+03
6.159004910314052722e+03
6.168256483491664767e+03
6.177517314966707090e+03
6.186787410225669191e+03
6.196066761009200491e+03
6.205355384050340035e+03
6.214653283111989367e+03
6.223960459264797464e+03
6.233276921034033876e+03
6.242602664912287764e+03
6.251937702627072213e+03
6.261282041175250015e+03
6.270635677262222089e+03
6.279998629141472520e+03
6.289370886426145262e+03
6.298752461694612066e+03
6.308143355955805418e+03
6.317543575734983278e+03
6.326953128229032700e+03
6.336372016250288652e+03
6.345800243118190338e+03
6.355237816946753810e+03
6.364684737907364251e+03
6.374141014854623791e+03
6.383606649458928587e+03
6.393081648856843458e+03
6.402566015992521898e+03
6.412059758904450064e+03
6.421562880217280508e+03
6.431075381093924989e+03
6.440597273086530549e+03
6.450128558847879503e+03
6.459669238257832149e+03
6.469219319654714127e+03
6.478778809437878408e+03
6.488347713583989389e+03
6.497926027773482019e+03
6.507513764989267656e+03
6.517110928130050524e+03
6.526717523474741938e+03
6.536333556142081761e+03
6.545959024472397687e+03
6.555593939214163584e+03
6.565238305486228455e+03
6.574892120967556366e+03
6.584555402613255865e+03
6.594228147063410688e+03
6.603910357901908355e+03
6.613602040717122691e+03
6.623303198900034658e+03
