1.499999999704590935e-02
1.500000336374482032e-02
1.500000673044718513e-02
1.500001009715305235e-02
1.500001346386246881e-02
1.500001683057548309e-02
1.500002019729214375e-02
1.500002356401249765e-02
1.500002693073659160e-02
1.500003029746447593e-02
1.500003366419619573e-02
1.500003703093180131e-02
1.500004039767133604e-02
1.500004376441484849e-02
1.500004713116238550e-02
1.500005049791399217e-02
1.500005386466972054e-02
1.500005723142961052e-02
1.500006059819371067e-02
1.500006396496207130e-02
1.500006733173473057e-02
1.500007069851173880e-02
1.500007406529313934e-02
1.500007743207897905e-02
1.500008079886930475e-02
1.500008416566415460e-02
1.500008753246358066e-02
1.500009089926762282e-02
1.500009426607632618e-02
1.500009763288973411e-02
1.500010099970789171e-02
1.500010436653083888e-02
1.500010773335861899e-02
1.500011110019127888e-02
1.500011446702885672e-02
1.500011783387139759e-02
1.500012120071894141e-02
1.500012456757153154e-02
1.500012793442920614e-02
1.500013130129200858e-02
1.500013466815997877e-02
1.500013803503315486e-02
1.500014140191157849e-02
1.500014476879528956e-02
1.500014813568432796e-02
1.500015150257873187e-02
1.500015486947853596e-02
1.500015823638378362e-02
1.500016160329451127e-02
1.500016497021075361e-02
1.500016833713255053e-02
1.500017170405993673e-02
1.500017507099295037e-02
1.500017843793162442e-02
1.500018180487599703e-02
1.500018517182609944e-02
1.500018853878197153e-02
1.500019190574364281e-02
1.500019527271114969e-02
1.500019863968452341e-02
1.500020200666379692e-02
1.500020537364900493e-02
1.500020874064017691e-02
1.500021210763734410e-02
1.500021547464054118e-02
1.500021884164979592e-02
1.500022220866513607e-02
1.500022557568659633e-02
1.500022894271420097e-02
1.500023230974798123e-02
1.500023567678796833e-02
1.500023904383418309e-02
1.500024241088665673e-02
1.500024577794541528e-02
1.500024914501048648e-02
1.500025251208189463e-02
1.500025587915966400e-02
1.500025924624382063e-02
1.500026261333438707e-02
1.500026598043138933e-02
1.500026934753484996e-02
1.500027271464478978e-02
1.500027608176123309e-02
1.500027944888419722e-02
1.500028281601371166e-02
1.500028618314978683e-02
1.500028955029244875e-02
1.500029291744171649e-02
1.500029628459760914e-02
1.500029965176013884e-02
1.500030301892933161e-02
1.500030638610519960e-02
1.500030975328776189e-02
1.500031312047703236e-02
1.500031648767303008e-02
1.500031985487576547e-02
1.500032322208525760e-02
1.500032658930151343e-02
1.500032995652455375e-02
1.500033332375438379e-02
1.500033669099102435e-02
1.500034005823448063e-02
1.500034342548476306e-02
1.500034679274188550e-02
1.500035016000585662e-02
1.500035352727668511e-02
1.500035689455437964e-02
1.500036026183894713e-02
1.500036362913039455e-02
1.500036699642873401e-02
1.500037036373396380e-02
1.500037373104609606e-02
1.500037709836513251e-02
1.500038046569108011e-02
1.500038383302393884e-02
1.500038720036371391e-02
1.500039056771040880e-02
1.500039393506402523e-02
1.500039730242456321e-02
1.500040066979202447e-02
1.500040403716641074e-02
1.500040740454771857e-02
1.500041077193594967e-02
1.500041413933110232e-02
1.500041750673317478e-02
1.500042087414216012e-02
1.500042424155806006e-02
1.500042760898086941e-02
1.500043097641058469e-02
1.500043434384719723e-02
1.500043771129070530e-02
1.500044107874109675e-02
1.500044444619837332e-02
1.500044781366252286e-02
1.500045118113353497e-02
1.500045454861140444e-02
1.500045791609612086e-02
1.500046128358767557e-02
1.500046465108605641e-02
1.500046801859125298e-02
1.500047138610325660e-02
1.500047475362204993e-02
1.500047812114762603e-02
1.500048148867996756e-02
1.500048485621905889e-02
1.500048822376488962e-02
1.500049159131744587e-02
1.500049495887670857e-02
1.500049832644266209e-02
1.500050169401529430e-02
1.500050506159458091e-02
1.500050842918050978e-02
1.500051179677305661e-02
1.500051516437220928e-02
1.500051853197794348e-02
1.500052189959024361e-02
1.500052526720908538e-02
1.500052863483444798e-02
1.500053200246631059e-02
1.500053537010465239e-02
1.500053873774945083e-02
1.500054210540067989e-02
1.500054547305831876e-02
1.500054884072234140e-02
1.500055220839272181e-02
1.500055557606943916e-02
1.500055894375246224e-02
1.500056231144177195e-02
1.500056567913733534e-02
1.500056904683912638e-02
1.500057241454711733e-02
1.500057578226128389e-02
1.500057914998159138e-02
1.500058251770801550e-02
1.500058588544052329e-02
1.500058925317908701e-02
1.500059262092367195e-02
1.500059598867425209e-02
1.500059935643079274e-02
1.500060272419326615e-02
1.500060609196163415e-02
1.500060945973586725e-02
1.500061282751593075e-02
1.500061619530179170e-02
1.500061956309341714e-02
1.500062293089076890e-02
1.500062629869381749e-02
1.500062966650252301e-02
1.500063303431684904e-02
1.500063640213676434e-02
1.500063976996222730e-02
1.500064313779320493e-02
1.500064650562965736e-02
1.500064987347154641e-02
1.500065324131883392e-02
1.500065660917148519e-02
1.500065997702945859e-02
1.500066334489271423e-02
1.500066671276121220e-02
1.500067008063491608e-02
1.500067344851377903e-02
1.500067681639776808e-02
1.500068018428683814e-02
1.500068355218094930e-02
1.500068692008005994e-02
1.500069028798412668e-02
1.500069365589310963e-02
1.500069702380696715e-02
1.500070039172565067e-02
1.500070375964912550e-02
1.500070712757734133e-02
1.500071049551025999e-02
1.500071386344783118e-02
1.500071723139001847e-02
1.500072059933677329e-02
1.500072396728805053e-02
1.500072733524380857e-02
1.500073070320399882e-02
1.500073407116857965e-02
1.500073743913750250e-02
1.500074080711072226e-02
1.500074417508819556e-02
1.500074754306987557e-02
1.500075091105571197e-02
1.500075427904566487e-02
1.500075764703968223e-02
1.500076101503771894e-02
1.500076438303972991e-02
1.500076775104566482e-02
1.500077111905548204e-02
1.500077448706912953e-02
1.500077785508655871e-02
1.500078122310772623e-02
1.500078459113258350e-02
1.500078795916107849e-02
1.500079132719316782e-02
1.500079469522880293e-02
1.500079806326793525e-02
1.500080143131051272e-02
1.500080479935649545e-02
1.500080816740582620e-02
1.500081153545846334e-02
1.500081490351435481e-02
1.500081827157345032e-02
1.500082163963570650e-02
1.500082500770107477e-02
1.500082837576950136e-02
1.500083174384094116e-02
1.500083511191534560e-02
1.500083847999266438e-02
1.500084184807285066e-02
1.500084521615585587e-02
1.500084858424163142e-02
1.500085195233012703e-02
1.500085532042129584e-02
1.500085868851508929e-02
1.500086205661145707e-02
1.500086542471035407e-02
1.500086879281172826e-02
1.500087216091553627e-02
1.500087552902172779e-02
1.500087889713025251e-02
1.500088226524106533e-02
1.500088563335411768e-02
1.500088900146936098e-02
1.500089236958674840e-02
1.500089573770623311e-02
1.500089910582776825e-02
1.500090247395130354e-02
1.500090584207679385e-02
1.500090921020419236e-02
1.500091257833345224e-02
1.500091594646452836e-02
1.500091931459737217e-02
1.500092268273193682e-02
1.500092605086817896e-02
1.500092941900604826e-02
1.500093278714550657e-02
1.500093615528650011e-02
1.500093952342899072e-02
1.500094289157292808e-02
1.500094625971827057e-02
1.500094962786497135e-02
1.500095299601298879e-02
1.500095636416227778e-02
1.500095973231279321e-02
1.500096310046449173e-02
1.500096646861732996e-02
1.500096983677126974e-02
1.500097320492626077e-02
1.500097657308226314e-02
1.500097994123923868e-02
1.500098330939714057e-02
1.500098667755593237e-02
1.500099004571556725e-02
1.500099341387600704e-02
1.500099678203721358e-02
1.500100015019913829e-02
1.500100351836175169e-02
1.500100688652501041e-02
1.500101025468887107e-02
1.500101362285329726e-02
1.500101699101825427e-02
1.500102035918370047e-02
1.500102372734959770e-02
1.500102709551590953e-02
1.500103046368259779e-02
1.500103383184962780e-02
1.500103720001696138e-02
1.500104056818456731e-02
1.500104393635240396e-02
1.500104730452043837e-02
1.500105067268863758e-02
1.500105404085696516e-02
1.500105740902538988e-02
1.500106077719387879e-02
1.500106414536239545e-02
1.500106751353090864e-02
1.500107088169938714e-02
1.500107424986779972e-02
1.500107761803611515e-02
1.500108098620430222e-02
1.500108435437233143e-02
1.500108772254017328e-02
1.500109109070779830e-02
1.500109445887517524e-02
1.500109782704227984e-02
1.500110119520908086e-02
1.500110456337555576e-02
1.500110793154167156e-02
1.500111129970740573e-02
1.500111466787273397e-02
1.500111803603762679e-02
1.500112140420206165e-02
1.500112477236601426e-02
1.500112814052946206e-02
1.500113150869238077e-02
1.500113487685474437e-02
1.500113824501653724e-02
1.500114161317773337e-02
1.500114498133831020e-02
1.500114834949825213e-02
1.500115171765753659e-02
1.500115508581614278e-02
1.500115845397405334e-02
1.500116182213125093e-02
1.500116519028771647e-02
1.500116855844343434e-02
1.500117192659838374e-02
1.500117529475255077e-02
1.500117866290592156e-02
1.500118203105847703e-02
1.500118539921020851e-02
1.500118876736109864e-02
1.500119213551113356e-02
1.500119550366030112e-02
1.500119887180859091e-02
1.500120223995598731e-02
1.500120560810248339e-02
1.500120897624806701e-02
1.500121234439272949e-02
1.500121571253646043e-02
1.500121908067924940e-02
1.500122244882109469e-02
1.500122581696198068e-02
1.500122918510190390e-02
1.500123255324086087e-02
1.500123592137884293e-02
1.500123928951584487e-02
1.500124265765186322e-02
1.500124602578689278e-02
1.500124939392093182e-02
1.500125276205397686e-02
1.500125613018602443e-02
1.500125949831707627e-02
1.500126286644712717e-02
1.500126623457617887e-02
1.500126960270423138e-02
1.500127297083128815e-02
1.500127633895734745e-02
1.500127970708241103e-02
1.500128307520648234e-02
1.500128644332956659e-02
1.500128981145166379e-02
1.500129317957278260e-02
1.500129654769292303e-02
1.500129991581209722e-02
1.500130328393030343e-02
1.500130665204755381e-02
1.500131002016385356e-02
1.500131338827921483e-02
1.500131675639364108e-02
1.500132012450714272e-02
1.500132349261973017e-02
1.500132686073141035e-02
1.500133022884220062e-02
1.500133359695210791e-02
1.500133696506114611e-02
1.500134033316932736e-02
1.500134370127666206e-02
1.500134706938316756e-02
1.500135043748885948e-02
1.500135380559374648e-02
1.500135717369784939e-02
1.500136054180118209e-02
1.500136390990376364e-02
1.500136727800560621e-02
1.500137064610673233e-02
1.500137401420715763e-02
1.500137738230690118e-02
1.500138075040598380e-02
1.500138411850442458e-02
1.500138748660224258e-02
1.500139085469946038e-02
1.500139422279610051e-02
1.500139759089218032e-02
1.500140095898772757e-02
1.500140432708276308e-02
1.500140769517731287e-02
1.500141106327139429e-02
1.500141443136504202e-02
1.500141779945827342e-02
1.500142116755111450e-02
1.500142453564359650e-02
1.500142790373574023e-02
1.500143127182757864e-02
1.500143463991913603e-02
1.500143800801044189e-02
1.500144137610152049e-02
1.500144474419240655e-02
1.500144811228312780e-02
1.500145148037371375e-02
1.500145484846419734e-02
1.500145821655460461e-02
1.500146158464497198e-02
1.500146495273532721e-02
1.500146832082570499e-02
1.500147168891613828e-02
1.500147505700666004e-02
1.500147842509730323e-02
1.500148179318810254e-02
1.500148516127909441e-02
1.500148852937030833e-02
1.500149189746178592e-02
1.500149526555355842e-02
1.500149863364566398e-02
1.500150200173813730e-02
1.500150536983101829e-02
1.500150873792434163e-02
1.500151210601814548e-02
1.500151547411247149e-02
1.500151884220735261e-02
1.500152221030283048e-02
1.500152557839894499e-02
1.500152894649573430e-02
1.500153231459323659e-02
1.500153568269149522e-02
1.500153905079055182e-02
1.500154241889044109e-02
1.500154578699120812e-02
1.500154915509289630e-02
1.500155252319554378e-02
1.500155589129919566e-02
1.500155925940389184e-02
1.500156262750967744e-02
1.500156599561659233e-02
1.500156936372468164e-02
1.500157273183398872e-02
1.500157609994455694e-02
1.500157946805643142e-02
1.500158283616965550e-02
1.500158620428427257e-02
1.500158957240032946e-02
1.500159294051787127e-02
1.500159630863693964e-02
1.500159967675758488e-02
1.500160304487984861e-02
1.500160641300377941e-02
1.500160978112942065e-02
1.500161314925682263e-02
1.500161651738602699e-02
1.500161988551708403e-02
1.500162325365003713e-02
1.500162662178493832e-02
1.500162998992182750e-02
1.500163335806075846e-02
1.500163672620177455e-02
1.500164009434492261e-02
1.500164346249025470e-02
1.500164683063781416e-02
1.500165019878764959e-02
1.500165356693981128e-02
1.500165693509434781e-02
1.500166030325130254e-02
1.500166367141072578e-02
1.500166703957266784e-02
1.500167040773717556e-02
1.500167377590429577e-02
1.500167714407408225e-02
1.500168051224657489e-02
1.500168388042182922e-02
1.500168724859989207e-02
1.500169061678081027e-02
1.500169398496463413e-02
1.500169735315141223e-02
1.500170072134119313e-02
1.500170408953402368e-02
1.500170745772995418e-02
1.500171082592903320e-02
1.500171419413130931e-02
1.500171756233682936e-02
1.500172093054564539e-02
1.500172429875779902e-02
1.500172766697334577e-02
1.500173103519233248e-02
1.500173440341480424e-02
1.500173777164081311e-02
1.500174113987040071e-02
1.500174450810362256e-02
1.500174787634052376e-02
1.500175124458114941e-02
1.500175461282555155e-02
1.500175798107377355e-02
1.500176134932586572e-02
1.500176471758187489e-02
1.500176808584184618e-02
1.500177145410582988e-02
1.500177482237386936e-02
1.500177819064601320e-02
1.500178155892230650e-02
1.500178492720279783e-02
1.500178829548752882e-02
1.500179166377655325e-02
1.500179503206990929e-02
1.500179840036764550e-02
1.500180176866980700e-02
1.500180513697643714e-02
1.500180850528758450e-02
1.500181187360329245e-02
1.500181524192360435e-02
1.500181861024856185e-02
1.500182197857821351e-02
1.500182534691259749e-02
1.500182871525176584e-02
1.500183208359575325e-02
1.500183545194460483e-02
1.500183882029836394e-02
1.500184218865707395e-02
1.500184555702077475e-02
1.500184892538950800e-02
1.500185229376331704e-02
1.500185566214224178e-02
1.500185903052632039e-02
1.500186239891559796e-02
1.500186576731010919e-02
1.500186913570989919e-02
1.500187250411500438e-02
1.500187587252546119e-02
1.500187924094131299e-02
1.500188260936259274e-02
1.500188597778934554e-02
1.500188934622160436e-02
1.500189271465940388e-02
1.500189608310278574e-02
1.500189945155178464e-02
1.500190282000643527e-02
1.500190618846677405e-02
1.500190955693283569e-02
1.500191292540465487e-02
1.500191629388226630e-02
1.500191966236570293e-02
1.500192303085500119e-02
1.500192639935018710e-02
1.500192976785130229e-02
1.500193313635837279e-02
1.500193650487143156e-02
1.500193987339051155e-02
1.500194324191563879e-02
1.500194661044684970e-02
1.500194997898417204e-02
1.500195334752763010e-02
1.500195671607725857e-02
1.500196008463308694e-02
1.500196345319513604e-02
1.500196682176343881e-02
1.500197019033802301e-02
1.500197355891890946e-02
1.500197692750612766e-02
1.500198029609970535e-02
1.500198366469966509e-02
1.500198703330602769e-02
1.500199040191882091e-02
1.500199377053807077e-02
1.500199713916379289e-02
1.500200050779601502e-02
1.500200387643475623e-02
1.500200724508004083e-02
1.500201061373188267e-02
1.500201398239031300e-02
1.500201735105534048e-02
1.500202071972698767e-02
1.500202408840527711e-02
1.500202745709022269e-02
1.500203082578184174e-02
1.500203419448015336e-02
1.500203756318516969e-02
1.500204093189691328e-02
1.500204430061539279e-02
1.500204766934062559e-02
1.500205103807262554e-02
1.500205440681140479e-02
1.500205777555697895e-02
1.500206114430935843e-02
1.500206451306855537e-02
1.500206788183457672e-02
1.500207125060744155e-02
1.500207461938714987e-02
1.500207798817372248e-02
1.500208135696715593e-02
1.500208472576746929e-02
1.500208809457466257e-02
1.500209146338874616e-02
1.500209483220972528e-02
1.500209820103760687e-02
1.500210156987239439e-02
1.500210493871409652e-02
1.500210830756270979e-02
1.500211167641824807e-02
1.500211504528070443e-02
1.500211841415008580e-02
1.500212178302639567e-02
1.500212515190963054e-02
1.500212852079979217e-02
1.500213188969688402e-02
1.500213525860090089e-02
1.500213862751184277e-02
1.500214199642970966e-02
1.500214536535449811e-02
1.500214873428620463e-02
1.500215210322482576e-02
1.500215547217035456e-02
1.500215884112278929e-02
1.500216221008212648e-02
1.500216557904835400e-02
1.500216894802147011e-02
1.500217231700146439e-02
1.500217568598833338e-02
1.500217905498206494e-02
1.500218242398265039e-02
1.500218579299007933e-02
1.500218916200434655e-02
1.500219253102543643e-02
1.500219590005333857e-02
1.500219926908804083e-02
1.500220263812953453e-02
1.500220600717779885e-02
1.500220937623282687e-02
1.500221274529460122e-02
1.500221611436311150e-02
1.500221948343833690e-02
1.500222285252026354e-02
1.500222622160887406e-02
1.500222959070415460e-02
1.500223295980608433e-02
1.500223632891464591e-02
1.500223969802982199e-02
1.500224306715159175e-02
1.500224643627993612e-02
1.500224980541483254e-02
1.500225317455626713e-02
1.500225654370421040e-02
1.500225991285864154e-02
1.500226328201954319e-02
1.500226665118688588e-02
1.500227002036065398e-02
1.500227338954081627e-02
1.500227675872735020e-02
1.500228012792023322e-02
1.500228349711943583e-02
1.500228686632493723e-02
1.500229023553670445e-02
1.500229360475471493e-02
1.500229697397893920e-02
1.500230034320934949e-02
1.500230371244591805e-02
1.500230708168861539e-02
1.500231045093741201e-02
1.500231382019227844e-02
1.500231718945318343e-02
1.500232055872009578e-02
1.500232392799298424e-02
1.500232729727181934e-02
1.500233066655656290e-02
1.500233403584718891e-02
1.500233740514366094e-02
1.500234077444594603e-02
1.500234414375401122e-02
1.500234751306782008e-02
1.500235088238733618e-02
1.500235425171253349e-02
1.500235762104336172e-02
1.500236099037979831e-02
1.500236435972179816e-02
1.500236772906933004e-02
1.500237109842235232e-02
1.500237446778082857e-02
1.500237783714472063e-02
1.500238120651399207e-02
1.500238457588860298e-02
1.500238794526851695e-02
1.500239131465368886e-02
1.500239468404408055e-02
1.500239805343965560e-02
1.500240142284037063e-02
1.500240479224618402e-02
1.500240816165705759e-02
1.500241153107294799e-02
1.500241490049381531e-02
1.500241826991961444e-02
1.500242163935030550e-02
1.500242500878584337e-02
1.500242837822618816e-02
1.500243174767129477e-02
1.500243511712112156e-02
1.500243848657562343e-02
1.500244185603475527e-02
1.500244522549847546e-02
1.500244859496673716e-02
1.500245196443949873e-02
1.500245533391671160e-02
1.500245870339833414e-02
1.500246207288431603e-02
1.500246544237461739e-02
1.500246881186918964e-02
1.500247218136798420e-02
1.500247555087096119e-02
1.500247892037806854e-02
1.500248228988926291e-02
1.500248565940449745e-02
1.500248902892372359e-02
1.500249239844689275e-02
1.500249576797396331e-02
1.500249913750488495e-02
1.500250250703960911e-02
1.500250587657809068e-02
1.500250924612027935e-02
1.500251261566612829e-02
1.500251598521559065e-02
1.500251935476861614e-02
1.500252272432515965e-02
1.500252609388517087e-02
1.500252946344860124e-02
1.500253283301540563e-02
1.500253620258553203e-02
1.500253957215893358e-02
1.500254294173556172e-02
1.500254631131536787e-02
1.500254968089830519e-02
1.500255305048431992e-02
1.500255642007336868e-02
1.500255978966540116e-02
1.500256315926036879e-02
1.500256652885822301e-02
1.500256989845891696e-02
1.500257326806239515e-02
1.500257663766861940e-02
1.500258000727753248e-02
1.500258337688909101e-02
1.500258674650324468e-02
1.500259011611994493e-02
1.500259348573914492e-02
1.500259685536079433e-02
1.500260022498484461e-02
1.500260359461125237e-02
1.500260696423996558e-02
1.500261033387093566e-02
1.500261370350411752e-02
1.500261707313945911e-02
1.500262044277692053e-02
1.500262381241644974e-02
1.500262718205799817e-02
1.500263055170152071e-02
1.500263392134696880e-02
1.500263729099429906e-02
1.500264066064346119e-02
1.500264403029441009e-02
1.500264739994709891e-02
1.500265076960148082e-02
1.500265413925751072e-02
1.500265750891514697e-02
1.500266087857433581e-02
1.500266424823503732e-02
1.500266761789720640e-02
1.500267098756079623e-02
1.500267435722576689e-02
1.500267772689206462e-02
1.500268109655965298e-02
1.500268446622848514e-02
1.500268783589851947e-02
1.500269120556971085e-02
1.500269457524201419e-02
1.500269794491539306e-02
1.500270131458979715e-02
1.500270468426518830e-02
1.500270805394152661e-02
1.500271142361876524e-02
1.500271479329686776e-02
1.500271816297578907e-02
1.500272153265549101e-02
1.500272490233593367e-02
1.500272827201707369e-02
1.500273164169887291e-02
1.500273501138129489e-02
1.500273838106429627e-02
1.500274175074784062e-02
1.500274512043189151e-02
1.500274849011640731e-02
1.500275185980135158e-02
1.500275522948668616e-02
1.500275859917237810e-02
1.500276196885838749e-02
1.500276533854467964e-02
1.500276870823121812e-02
1.500277207791796998e-02
1.500277544760489704e-02
1.500277881729196981e-02
1.500278218697914841e-02
1.500278555666640680e-02
1.500278892635370336e-02
1.500279229604101032e-02
1.500279566572829473e-02
1.500279903541552363e-02
1.500280240510266754e-02
1.500280577478969694e-02
1.500280914447657717e-02
1.500281251416328392e-02
1.500281588384978250e-02
1.500281925353604690e-02
1.500282262322204761e-02
1.500282599290775690e-02
1.500282936259314873e-02
1.500283273227819361e-02
1.500283610196286727e-02
1.500283947164714193e-02
1.500284284133099333e-02
1.500284621101439370e-02
1.500284958069732395e-02
1.500285295037975634e-02
1.500285632006166832e-02
1.500285968974303906e-02
1.500286305942384255e-02
1.500286642910405796e-02
1.500286979878366449e-02
1.500287316846264131e-02
1.500287653814096761e-02
1.500287990781862778e-02
1.500288327749559579e-02
1.500288664717185777e-02
1.500289001684739637e-02
1.500289338652219077e-02
1.500289675619622537e-02
1.500290012586948454e-02
1.500290349554195095e-02
1.500290686521361244e-02
1.500291023488445168e-02
1.500291360455445477e-02
1.500291697422360959e-02
1.500292034389190052e-02
1.500292371355932061e-02
1.500292708322585079e-02
1.500293045289148412e-02
1.500293382255620846e-02
1.500293719222001686e-02
1.500294056188289718e-02
1.500294393154484075e-02
1.500294730120583890e-02
1.500295067086588469e-02
1.500295404052497464e-02
1.500295741018309315e-02
1.500296077984024194e-02
1.500296414949641235e-02
1.500296751915160091e-02
1.500297088880580415e-02
1.500297425845901686e-02
1.500297762811123731e-02
1.500298099776246029e-02
1.500298436741268927e-02
1.500298773706191906e-02
1.500299110671015138e-02
1.500299447635738276e-02
1.500299784600361667e-02
1.500300121564885313e-02
1.500300458529309558e-02
1.500300795493634577e-02
1.500301132457860370e-02
1.500301469421987804e-02
1.500301806386017053e-02
1.500302143349948637e-02
1.500302480313782903e-02
1.500302817277520545e-02
1.500303154241162257e-02
1.500303491204708906e-02
1.500303828168161185e-02
1.500304165131519617e-02
1.500304502094785587e-02
1.500304839057959617e-02
1.500305176021042748e-02
1.500305512984036367e-02
1.500305849946941342e-02
1.500306186909759060e-02
1.500306523872490388e-02
1.500306860835137236e-02
1.500307197797700123e-02
1.500307534760181305e-02
1.500307871722581649e-02
1.500308208684903062e-02
1.500308545647146934e-02
1.500308882609314998e-02
1.500309219571408642e-02
1.500309556533430122e-02
1.500309893495380999e-02
1.500310230457262833e-02
1.500310567419078055e-02
1.500310904380828397e-02
1.500311241342515770e-02
1.500311578304142426e-02
1.500311915265710276e-02
1.500312252227221921e-02
1.500312589188679269e-02
1.500312926150084748e-02
1.500313263111440788e-02
1.500313600072749297e-02
1.500313937034013223e-02
1.500314273995234995e-02
1.500314610956416869e-02
1.500314947917561793e-02
1.500315284878672370e-02
1.500315621839751028e-02
1.500315958800800889e-02
1.500316295761824556e-02
1.500316632722824804e-02
1.500316969683804583e-02
1.500317306644766840e-02
1.500317643605714700e-02
1.500317980566650937e-02
1.500318317527579021e-02
1.500318654488501553e-02
1.500318991449422351e-02
1.500319328410344016e-02
1.500319665371270192e-02
1.500320002332204000e-02
1.500320339293148911e-02
1.500320676254108393e-02
1.500321013215085569e-02
1.500321350176084256e-02
1.500321687137107750e-02
1.500322024098159693e-02
1.500322361059243728e-02
1.500322698020363325e-02
1.500323034981522474e-02
1.500323371942724644e-02
1.500323708903973825e-02
1.500324045865273487e-02
1.500324382826627619e-02
1.500324719788040211e-02
1.500325056749514906e-02
1.500325393711056041e-02
1.500325730672667258e-02
1.500326067634352549e-02
1.500326404596115902e-02
1.500326741557961828e-02
1.500327078519894143e-02
1.500327415481916837e-02
1.500327752444034247e-02
1.500328089406250537e-02
1.500328426368570042e-02
1.500328763330997101e-02
1.500329100293535528e-02
1.500329437256190182e-02
1.500329774218964879e-02
1.500330111181864649e-02
1.500330448144893310e-02
1.500330785108055370e-02
1.500331122071355688e-02
1.500331459034798080e-02
1.500331795998387750e-02
1.500332132962128688e-02
1.500332469926025578e-02
1.500332806890082929e-02
1.500333143854305600e-02
1.500333480818697753e-02
1.500333817783264419e-02
1.500334154748009935e-02
1.500334491712938985e-02
1.500334828678056426e-02
1.500335165643366768e-02
1.500335502608874695e-02
1.500335839574584891e-02
1.500336176540502386e-02
1.500336513506631692e-02
1.500336850472977490e-02
1.500337187439544986e-02
1.500337524406338344e-02
1.500337861373362593e-02
1.500338198340622764e-02
1.500338535308123368e-02
1.500338872275869435e-02
1.500339209243865476e-02
1.500339546212116869e-02
1.500339883180627949e-02
1.500340220149403575e-02
1.500340557118448777e-02
1.500340894087768759e-02
1.500341231057367684e-02
1.500341568027250758e-02
1.500341904997422836e-02
1.500342241967888950e-02
1.500342578938653783e-02
1.500342915909721846e-02
1.500343252881098516e-02
1.500343589852788477e-02
1.500343926824796587e-02
1.500344263797127702e-02
1.500344600769786506e-02
1.500344937742778377e-02
1.500345274716107305e-02
1.500345611689778841e-02
1.500345948663797668e-02
1.500346285638168471e-02
1.500346622612895933e-02
1.500346959587985259e-02
1.500347296563440957e-02
1.500347633539267714e-02
1.500347970515470385e-02
1.500348307492053827e-02
1.500348644469022899e-02
1.500348981446381937e-02
1.500349318424136144e-02
1.500349655402289858e-02
1.500349992380847937e-02
1.500350329359814890e-02
1.500350666339195574e-02
1.500351003318994500e-02
1.500351340299216352e-02
1.500351677279865639e-02
1.500352014260947046e-02
1.500352351242464910e-02
1.500352688224424087e-02
1.500353025206829088e-02
1.500353362189684077e-02
1.500353699172993736e-02
1.500354036156762577e-02
1.500354373140994936e-02
1.500354710125695150e-02
1.500355047110867729e-02
1.500355384096516836e-02
1.500355721082647156e-02
1.500356058069262505e-02
1.500356395056367566e-02
1.500356732043965982e-02
1.500357069032062785e-02
1.500357406020661442e-02
1.500357743009766640e-02
1.500358079999382019e-02
1.500358416989511917e-02
1.500358753980160324e-02
1.500359090971331057e-02
1.500359427963028625e-02
1.500359764955256324e-02
1.500360101948018492e-02
1.500360438941318944e-02
1.500360775935161498e-02
1.500361112929549795e-02
1.500361449924487826e-02
1.500361786919979061e-02
1.500362123916027489e-02
1.500362460912636579e-02
1.500362797909810149e-02
1.500363134907551146e-02
1.500363471905863909e-02
1.500363808904751385e-02
1.500364145904217218e-02
1.500364482904264878e-02
1.500364819904897486e-02
1.500365156906118339e-02
1.500365493907930906e-02
1.500365830910338483e-02
1.500366167913344366e-02
1.500366504916951158e-02
1.500366841921162327e-02
1.500367178925980649e-02
1.500367515931409594e-02
1.500367852937451764e-02
1.500368189944109934e-02
1.500368526951387400e-02
1.500368863959286765e-02
1.500369200967810457e-02
1.500369537976961772e-02
1.500369874986742791e-02
1.500370211997156637e-02
1.500370549008205392e-02
1.500370886019892006e-02
1.500371223032218732e-02
1.500371560045187826e-02
1.500371897058801890e-02
1.500372234073063180e-02
1.500372571087973776e-02
1.500372908103535761e-02
1.500373245119751911e-02
1.500373582136623613e-02
1.500373919154153295e-02
1.500374256172342692e-02
1.500374593191194060e-02
1.500374930210708786e-02
1.500375267230889126e-02
1.500375604251736640e-02
1.500375941273253237e-02
1.500376278295440131e-02
1.500376615318299404e-02
1.500376952341832271e-02
1.500377289366040291e-02
1.500377626390924680e-02
1.500377963416487520e-02
1.500378300442729157e-02
1.500378637469651499e-02
1.500378974497255241e-02
1.500379311525541944e-02
1.500379648554512647e-02
1.500379985584168394e-02
1.500380322614509702e-02
1.500380659645537962e-02
1.500380996677253692e-02
1.500381333709657761e-02
1.500381670742751208e-02
1.500382007776534209e-02
1.500382344811007802e-02
1.500382681846172163e-02
1.500383018882027811e-02
1.500383355918575440e-02
1.500383692955815224e-02
1.500384029993747682e-02
1.500384367032372816e-02
1.500384704071690799e-02
1.500385041111701977e-02
1.500385378152406350e-02
1.500385715193803746e-02
1.500386052235894337e-02
1.500386389278677776e-02
1.500386726322154238e-02
1.500387063366323374e-02
1.500387400411184492e-02
1.500387737456737938e-02
1.500388074502982845e-02
1.500388411549918866e-02
1.500388748597545133e-02
1.500389085645861646e-02
1.500389422694867539e-02
1.500389759744561943e-02
1.500390096794944339e-02
1.500390433846013859e-02
1.500390770897769462e-02
1.500391107950210280e-02
1.500391445003335274e-02
1.500391782057143401e-02
1.500392119111633969e-02
1.500392456166805243e-02
1.500392793222656181e-02
1.500393130279185396e-02
1.500393467336391846e-02
1.500393804394273625e-02
1.500394141452830038e-02
1.500394478512058830e-02
1.500394815571958612e-02
1.500395152632528172e-02
1.500395489693765426e-02
1.500395826755668641e-02
1.500396163818236081e-02
1.500396500881466186e-02
1.500396837945356526e-02
1.500397175009905368e-02
1.500397512075110976e-02
1.500397849140970921e-02
1.500398186207483123e-02
1.500398523274645499e-02
1.500398860342455967e-02
1.500399197410911926e-02
1.500399534480011295e-02
1.500399871549751470e-02
1.500400208620130196e-02
1.500400545691144873e-02
1.500400882762793243e-02
1.500401219835072360e-02
1.500401556907979619e-02
1.500401893981512247e-02
1.500402231055667987e-02
1.500402568130443544e-02
1.500402905205836315e-02
1.500403242281843352e-02
1.500403579358461706e-02
1.500403916435688600e-02
1.500404253513520740e-02
1.500404590591954829e-02
1.500404927670988438e-02
1.500405264750617924e-02
1.500405601830839993e-02
1.500405938911651693e-02
1.500406275993049730e-02
1.500406613075030461e-02
1.500406950157590590e-02
1.500407287240726820e-02
1.500407624324435855e-02
1.500407961408713707e-02
1.500408298493557079e-02
1.500408635578962327e-02
1.500408972664925983e-02
1.500409309751444230e-02
1.500409646838513425e-02
1.500409983926129578e-02
1.500410321014289221e-02
1.500410658102988189e-02
1.500410995192223013e-02
1.500411332281989529e-02
1.500411669372283922e-02
1.500412006463102028e-02
1.500412343554440205e-02
1.500412680646294114e-02
1.500413017738659767e-02
1.500413354831533000e-02
1.500413691924909823e-02
1.500414029018786247e-02
1.500414366113157413e-02
1.500414703208019854e-02
1.500415040303369058e-02
1.500415377399200167e-02
1.500415714495509888e-02
1.500416051592293187e-02
1.500416388689545730e-02
1.500416725787263525e-02
1.500417062885441716e-02
1.500417399984076139e-02
1.500417737083162284e-02
1.500418074182695467e-02
1.500418411282671526e-02
1.500418748383085775e-02
1.500419085483933532e-02
1.500419422585210286e-02
1.500419759686911526e-02
1.500420096789032570e-02
1.500420433891568907e-02
1.500420770994515679e-02
1.500421108097868376e-02
1.500421445201622142e-02
1.500421782305772639e-02
1.500422119410314836e-02
1.500422456515244050e-02
1.500422793620555598e-02
1.500423130726244621e-02
1.500423467832306436e-02
1.500423804938736706e-02
1.500424142045529707e-02
1.500424479152681449e-02
1.500424816260186554e-02
1.500425153368040686e-02
1.500425490476238639e-02
1.500425827584775731e-02
1.500426164693647278e-02
1.500426501802848422e-02
1.500426838912373786e-02
1.500427176022219034e-02
1.500427513132379306e-02
1.500427850242849574e-02
1.500428187353625153e-02
1.500428524464701187e-02
1.500428861576072470e-02
1.500429198687734320e-02
1.500429535799682051e-02
1.500429872911910462e-02
1.500430210024415213e-02
1.500430547137191102e-02
1.500430884250232924e-02
1.500431221363536516e-02
1.500431558477096847e-02
1.500431895590908886e-02
1.500432232704967776e-02
1.500432569819268834e-02
1.500432906933807375e-02
1.500433244048578543e-02
1.500433581163577133e-02
1.500433918278798809e-02
1.500434255394238713e-02
1.500434592509892161e-02
1.500434929625754296e-02
1.500435266741820088e-02
1.500435603858085373e-02
1.500435940974544947e-02
1.500436278091194647e-02
1.500436615208029269e-02
1.500436952325044648e-02
1.500437289442235582e-02
1.500437626559598080e-02
1.500437963677126764e-02
1.500438300794817645e-02
1.500438637912666212e-02
1.500438975030667609e-02
1.500439312148817497e-02
1.500439649267111195e-02
1.500439986385544364e-02
1.500440323504112494e-02
1.500440660622811249e-02
1.500440997741636119e-02
1.500441334860582766e-02
1.500441671979646854e-02
1.500442009098824220e-02
1.500442346218110179e-02
1.500442683337500742e-02
1.500443020456991745e-02
1.500443357576578679e-02
1.500443694696257553e-02
1.500444031816024031e-02
1.500444368935874295e-02
1.500444706055804184e-02
1.500445043175809533e-02
1.500445380295886526e-02
1.500445717416031000e-02
1.500446054536238964e-02
1.500446391656506430e-02
1.500446728776829754e-02
1.500447065897205119e-02
1.500447403017628363e-02
1.500447740138096189e-02
1.500448077258604435e-02
1.500448414379149630e-02
1.500448751499728131e-02
1.500449088620336123e-02
1.500449425740970309e-02
1.500449762861627047e-02
1.500450099982302866e-02
1.500450437102994299e-02
1.500450774223697874e-02
1.500451111344410123e-02
1.500451448465127922e-02
1.500451785585848151e-02
1.500452122706567165e-02
1.500452459827281843e-02
1.500452796947989408e-02
1.500453134068686564e-02
1.500453471189370017e-02
1.500453808310036816e-02
1.500454145430684533e-02
1.500454482551309698e-02
1.500454819671909537e-02
1.500455156792481447e-02
1.500455493913022652e-02
1.500455831033530030e-02
1.500456168154001152e-02
1.500456505274433937e-02
1.500456842394824915e-02
1.500457179515171831e-02
1.500457516635472603e-02
1.500457853755724803e-02
1.500458190875925482e-02
1.500458527996073078e-02
1.500458865116164643e-02
1.500459202236198442e-02
1.500459539356172219e-02
1.500459876476083546e-02
1.500460213595931035e-02
1.500460550715712257e-02
1.500460887835425132e-02
1.500461224955068271e-02
1.500461562074639418e-02
1.500461899194137014e-02
1.500462236313559322e-02
1.500462573432904782e-02
1.500462910552171486e-02
1.500463247671358219e-02
1.500463584790463246e-02
1.500463921909485354e-02
1.500464259028423154e-02
1.500464596147274912e-02
1.500464933266039934e-02
1.500465270384716658e-02
1.500465607503304565e-02
1.500465944621801398e-02
1.500466281740207158e-02
1.500466618858520458e-02
1.500466955976740430e-02
1.500467293094866379e-02
1.500467630212897439e-02
1.500467967330832569e-02
1.500468304448671596e-02
1.500468641566413651e-02
1.500468978684058041e-02
1.500469315801604593e-02
1.500469652919052439e-02
1.500469990036401753e-02
1.500470327153651494e-02
1.500470664270802355e-02
1.500471001387853123e-02
1.500471338504804492e-02
1.500471675621655940e-02
1.500472012738407641e-02
1.500472349855059423e-02
1.500472686971611458e-02
1.500473024088064093e-02
1.500473361204417155e-02
1.500473698320671338e-02
1.500474035436826989e-02
1.500474372552883934e-02
1.500474709668843561e-02
1.500475046784705349e-02
1.500475383900470513e-02
1.500475721016139748e-02
1.500476058131713399e-02
1.500476395247192334e-02
1.500476732362577420e-02
1.500477069477869525e-02
1.500477406593069517e-02
1.500477743708178435e-02
1.500478080823197148e-02
1.500478417938127217e-02
1.500478755052969335e-02
1.500479092167724890e-02
1.500479429282395270e-02
1.500479766396981690e-02
1.500480103511485711e-02
1.500480440625908372e-02
1.500480777740251410e-02
1.500481114854516559e-02
1.500481451968705207e-02
1.500481789082819088e-02
1.500482126196860111e-02
1.500482463310829663e-02
1.500482800424730173e-02
1.500483137538562856e-02
1.500483474652330139e-02
1.500483811766033758e-02
1.500484148879676315e-02
1.500484485993259023e-02
1.500484823106784833e-02
1.500485160220255652e-02
1.500485497333673736e-02
1.500485834447041512e-02
1.500486171560361237e-02
1.500486508673635339e-02
1.500486845786866419e-02
1.500487182900056733e-02
1.500487520013209404e-02
1.500487857126326686e-02
1.500488194239411356e-02
1.500488531352466015e-02
1.500488868465493612e-02
1.500489205578496923e-02
1.500489542691478724e-02
1.500489879804442137e-02
1.500490216917389937e-02
1.500490554030325420e-02
1.500490891143251189e-02
1.500491228256170886e-02
1.500491565369087288e-02
1.500491902482003863e-02
1.500492239594923734e-02
1.500492576707850197e-02
1.500492913820786721e-02
1.500493250933736429e-02
1.500493588046702617e-02
1.500493925159689275e-02
1.500494262272699525e-02
1.500494599385737357e-02
1.500494936498805720e-02
1.500495273611908778e-02
1.500495610725049826e-02
1.500495947838232681e-02
1.500496284951461333e-02
1.500496622064739251e-02
1.500496959178070425e-02
1.500497296291458497e-02
1.500497633404907633e-02
1.500497970518421646e-02
1.500498307632004528e-02
1.500498644745660269e-02
1.500498981859393031e-02
1.500499318973206285e-02
1.500499656087104887e-02
1.500499993201092827e-02
1.500500330315173922e-02
1.500500667429352508e-02
1.500501004543632923e-02
1.500501341658019155e-02
1.500501678772515543e-02
1.500502015887126769e-02
1.500502353001856824e-02
1.500502690116710218e-02
1.500503027231691287e-02
1.500503364346804196e-02
1.500503701462053800e-02
1.500504038577444264e-02
1.500504375692980098e-02
1.500504712808666159e-02
1.500505049924506437e-02
1.500505387040505963e-02
1.500505724156668726e-02
1.500506061273000104e-02
1.500506398389504087e-02
1.500506735506185532e-02
1.500507072623049123e-02
1.500507409740099544e-02
1.500507746857341305e-02
1.500508083974779264e-02
1.500508421092418103e-02
1.500508758210262333e-02
1.500509095328316812e-02
1.500509432446586570e-02
1.500509769565076118e-02
1.500510106683790139e-02
1.500510443802734011e-02
1.500510780921911549e-02
1.500511118041328307e-02
1.500511455160988966e-02
1.500511792280898211e-02
1.500512129401060726e-02
1.500512466521481889e-02
1.500512803642166035e-02
1.500513140763118196e-02
1.500513477884343229e-02
1.500513815005845991e-02
1.500514152127631340e-02
1.500514489249704306e-02
1.500514826372069399e-02
1.500515163494731651e-02
1.500515500617695917e-02
1.500515837740967404e-02
1.500516174864550446e-02
1.500516511988450076e-02
1.500516849112671150e-02
1.500517186237218525e-02
1.500517523362097233e-02
1.500517860487311783e-02
1.500518197612867380e-02
1.500518534738768534e-02
1.500518871865020275e-02
1.500519208991627461e-02
1.500519546118594602e-02
1.500519883245926729e-02
1.500520220373628526e-02
1.500520557501705023e-02
1.500520894630160730e-02
1.500521231759000332e-02
1.500521568888229032e-02
1.500521906017850647e-02
1.500522243147870902e-02
1.500522580278293959e-02
1.500522917409124329e-02
1.500523254540367390e-02
1.500523591672026785e-02
1.500523928804108238e-02
1.500524265936615392e-02
1.500524603069553625e-02
1.500524940202926753e-02
1.500525277336739981e-02
1.500525614470997297e-02
1.500525951605703734e-02
1.500526288740863454e-02
1.500526625876480794e-02
1.500526963012560437e-02
1.500527300149106895e-02
1.500527637286124330e-02
1.500527974423616732e-02
1.500528311561589133e-02
1.500528648700045695e-02
1.500528985838990234e-02
1.500529322978427435e-02
1.500529660118361634e-02
1.500529997258796648e-02
1.500530334399736640e-02
1.500530671541185947e-02
1.500531008683148558e-02
1.500531345825628464e-02
1.500531682968629654e-02
1.500532020112156466e-02
1.500532357256212541e-02
1.500532694400802045e-02
1.500533031545928445e-02
1.500533368691596078e-02
1.500533705837808242e-02
1.500534042984569272e-02
1.500534380131882464e-02
1.500534717279751983e-02
1.500535054428181123e-02
1.500535391577173527e-02
1.500535728726732840e-02
1.500536065876862876e-02
1.500536403027566412e-02
1.500536740178847785e-02
1.500537077330709769e-02
1.500537414483156008e-02
1.500537751636189798e-02
1.500538088789814435e-02
1.500538425944033388e-02
1.500538763098849433e-02
1.500539100254265866e-02
1.500539437410285983e-02
1.500539774566912558e-02
1.500540111724148890e-02
1.500540448881997925e-02
1.500540786040462093e-02
1.500541123199545038e-02
1.500541460359249013e-02
1.500541797519576795e-02
1.500542134680531679e-02
1.500542471842115748e-02
1.500542809004331776e-02
1.500543146167182366e-02
1.500543483330670468e-02
1.500543820494797814e-02
1.500544157659567356e-02
1.500544494824981000e-02
1.500544831991041696e-02
1.500545169157751352e-02
1.500545506325112223e-02
1.500545843493126391e-02
1.500546180661795938e-02
1.500546517831122945e-02
1.500546855001109667e-02
1.500547192171757666e-02
1.500547529343069196e-02
1.500547866515045820e-02
1.500548203687689444e-02
1.500548540861001631e-02
1.500548878034984115e-02
1.500549215209638979e-02
1.500549552384966914e-02
1.500549889560970178e-02
1.500550226737649637e-02
1.500550563915007199e-02
1.500550901093043732e-02
1.500551238271760797e-02
1.500551575451159435e-02
1.500551912631241033e-02
1.500552249812006286e-02
1.500552586993456755e-02
1.500552924175593134e-02
1.500553261358416289e-02
1.500553598541927089e-02
1.500553935726126401e-02
1.500554272911014918e-02
1.500554610096593508e-02
1.500554947282862692e-02
1.500555284469822989e-02
1.500555621657474574e-02
1.500555958845818487e-02
1.500556296034854901e-02
1.500556633224583991e-02
1.500556970415006276e-02
1.500557307606121930e-02
1.500557644797930953e-02
1.500557981990433519e-02
1.500558319183629627e-02
1.500558656377519277e-02
1.500558993572102297e-02
1.500559330767378685e-02
1.500559667963348096e-02
1.500560005160010354e-02
1.500560342357365289e-02
1.500560679555412030e-02
1.500561016754150406e-02
1.500561353953580417e-02
1.500561691153700500e-02
1.500562028354510830e-02
1.500562365556010365e-02
1.500562702758198586e-02
1.500563039961074277e-02
1.500563377164637092e-02
1.500563714368885818e-02
1.500564051573819585e-02
1.500564388779437180e-02
1.500564725985737737e-02
1.500565063192719865e-02
1.500565400400382873e-02
1.500565737608724852e-02
1.500566074817744761e-02
1.500566412027441211e-02
1.500566749237812816e-02
1.500567086448858188e-02
1.500567423660575418e-02
1.500567760872962945e-02
1.500568098086019729e-02
1.500568435299743167e-02
1.500568772514132045e-02
1.500569109729184454e-02
1.500569446944898140e-02
1.500569784161271542e-02
1.500570121378302750e-02
1.500570458595989511e-02
1.500570795814329741e-02
1.500571133033321361e-02
1.500571470252961941e-02
1.500571807473249399e-02
1.500572144694181480e-02
1.500572481915755582e-02
1.500572819137969624e-02
1.500573156360820656e-02
1.500573493584306771e-02
1.500573830808424498e-02
1.500574168033172277e-02
1.500574505258546812e-02
1.500574842484545500e-02
1.500575179711165739e-02
1.500575516938404234e-02
1.500575854166258556e-02
1.500576191394725409e-02
1.500576528623802190e-02
1.500576865853485778e-02
1.500577203083773223e-02
1.500577540314661229e-02
1.500577877546146500e-02
1.500578214778226262e-02
1.500578552010897043e-02
1.500578889244155376e-02
1.500579226477998310e-02
1.500579563712422376e-02
1.500579900947423585e-02
1.500580238182999335e-02
1.500580575419145808e-02
1.500580912655859189e-02
1.500581249893136182e-02
1.500581587130973317e-02
1.500581924369366257e-02
1.500582261608312054e-02
1.500582598847806544e-02
1.500582936087846257e-02
1.500583273328427031e-02
1.500583610569545395e-02
1.500583947811197014e-02
1.500584285053378417e-02
1.500584622296085267e-02
1.500584959539313923e-02
1.500585296783059873e-02
1.500585634027319648e-02
1.500585971272088565e-02
1.500586308517363153e-02
1.500586645763138730e-02
1.500586983009411304e-02
1.500587320256176541e-02
1.500587657503430795e-02
1.500587994751168691e-02
1.500588331999386758e-02
1.500588669248080487e-02
1.500589006497245366e-02
1.500589343746877406e-02
1.500589680996971577e-02
1.500590018247524061e-02
1.500590355498530003e-02
1.500590692749984890e-02
1.500591030001884561e-02
1.500591367254224158e-02
1.500591704506999691e-02
1.500592041760205782e-02
1.500592379013838268e-02
1.500592716267892639e-02
1.500593053522364211e-02
1.500593390777248126e-02
1.500593728032539875e-02
1.500594065288234774e-02
1.500594402544328139e-02
1.500594739800815286e-02
1.500595077057691532e-02
1.500595414314951671e-02
1.500595751572591716e-02
1.500596088830606634e-02
1.500596426088991048e-02
1.500596763347740968e-02
1.500597100606851191e-02
1.500597437866317031e-02
1.500597775126133807e-02
1.500598112386296486e-02
1.500598449646800212e-02
1.500598786907640300e-02
1.500599124168811721e-02
1.500599461430309790e-02
1.500599798692129824e-02
1.500600135954266445e-02
1.500600473216714970e-02
1.500600810479471060e-02
1.500601147742529166e-02
1.500601485005884778e-02
1.500601822269532863e-02
1.500602159533468913e-02
1.500602496797687722e-02
1.500602834062184435e-02
1.500603171326954366e-02
1.500603508591992485e-02
1.500603845857294109e-02
1.500604183122854207e-02
1.500604520388668095e-02
1.500604857654730742e-02
1.500605194921037812e-02
1.500605532187583926e-02
1.500605869454364402e-02
1.500606206721374555e-02
1.500606543988609702e-02
1.500606881256064812e-02
1.500607218523735374e-02
1.500607555791616358e-02
1.500607893059703428e-02
1.500608230327991378e-02
1.500608567596475873e-02
1.500608904865151708e-02
1.500609242134014892e-02
1.500609579403060223e-02
1.500609916672283189e-02
1.500610253941679455e-02
1.500610591211243815e-02
1.500610928480972106e-02
1.500611265750859992e-02
1.500611603020902268e-02
1.500611940291094772e-02
1.500612277561433165e-02
1.500612614831912592e-02
1.500612952102528888e-02
1.500613289373277370e-02
1.500613626644153702e-02
1.500613963915153719e-02
1.500614301186272738e-02
1.500614638457506422e-02
1.500614975728850609e-02
1.500615313000301133e-02
1.500615650271853660e-02
1.500615987543503851e-02
1.500616324815247371e-02
1.500616662087080576e-02
1.500616999358998956e-02
1.500617336630998347e-02
1.500617673903074933e-02
1.500618011175224725e-02
1.500618348447443212e-02
1.500618685719727098e-02
1.500619022992072046e-02
1.500619360264474240e-02
1.500619697536929691e-02
1.500620034809434927e-02
1.500620372081985787e-02
1.500620709354578801e-02
1.500621046627209978e-02
1.500621383899876024e-02
1.500621721172573121e-02
1.500622058445297453e-02
1.500622395718045725e-02
1.500622732990814466e-02
1.500623070263600208e-02
1.500623407536399306e-02
1.500623744809208814e-02
1.500624082082024739e-02
1.500624419354843961e-02
1.500624756627663876e-02
1.500625093900480496e-02
1.500625431173291044e-02
1.500625768446092398e-02
1.500626105718881435e-02
1.500626442991655207e-02
1.500626780264410244e-02
1.500627117537144291e-02
1.500627454809854225e-02
1.500627792082537097e-02
1.500628129355190132e-02
1.500628466627810728e-02
1.500628803900396109e-02
1.500629141172943673e-02
1.500629478445450991e-02
1.500629815717915115e-02
1.500630152990333963e-02
1.500630490262704932e-02
1.500630827535025767e-02
1.500631164807293694e-02
1.500631502079506976e-02
1.500631839351663013e-02
1.500632176623760070e-02
1.500632513895795717e-02
1.500632851167768046e-02
1.500633188439674803e-02
1.500633525711514080e-02
1.500633862983283967e-02
1.500634200254983078e-02
1.500634537526609157e-02
1.500634874798160469e-02
1.500635212069635627e-02
1.500635549341032722e-02
1.500635886612350367e-02
1.500636223883587000e-02
1.500636561154741061e-02
1.500636898425811334e-02
1.500637235696796259e-02
1.500637572967694969e-02
1.500637910238505901e-02
1.500638247509228015e-02
1.500638584779859924e-02
1.500638922050400934e-02
1.500639259320850002e-02
1.500639596591206090e-02
1.500639933861468503e-02
1.500640271131636200e-02
1.500640608401708313e-02
1.500640945671684497e-02
1.500641282941564229e-02
1.500641620211346297e-02
1.500641957481030700e-02
1.500642294750617091e-02
1.500642632020104429e-02
1.500642969289492888e-02
1.500643306558782121e-02
1.500643643827971781e-02
1.500643981097061867e-02
1.500644318366052207e-02
1.500644655634942801e-02
1.500644992903733474e-02
1.500645330172424227e-02
1.500645667441015754e-02
1.500646004709508055e-02
1.500646341977900956e-02
1.500646679246194978e-02
1.500647016514390815e-02
1.500647353782488466e-02
1.500647691050488626e-02
1.500648028318391988e-02
1.500648365586198900e-02
1.500648702853910402e-02
1.500649040121526667e-02
1.500649377389048911e-02
1.500649714656477826e-02
1.500650051923814454e-02
1.500650389191059662e-02
1.500650726458214491e-02
1.500651063725279809e-02
1.500651400992257523e-02
1.500651738259147806e-02
1.500652075525952395e-02
1.500652412792672849e-02
1.500652750059310210e-02
1.500653087325865692e-02
1.500653424592341550e-02
1.500653761858738479e-02
1.500654099125058386e-02
1.500654436391303352e-02
1.500654773657474593e-02
1.500655110923574016e-02
1.500655448189603183e-02
1.500655785455564523e-02
1.500656122721459422e-02
1.500656459987290310e-02
1.500656797253058922e-02
1.500657134518767512e-02
1.500657471784418336e-02
1.500657809050013301e-02
1.500658146315554838e-02
1.500658483581045026e-02
1.500658820846486642e-02
1.500659158111881768e-02
1.500659495377233178e-02
1.500659832642543129e-02
1.500660169907813875e-02
1.500660507173048885e-02
1.500660844438250069e-02
1.500661181703420548e-02
1.500661518968563098e-02
1.500661856233679974e-02
1.500662193498774992e-02
1.500662530763850061e-02
1.500662868028908824e-02
1.500663205293954056e-02
1.500663542558988879e-02
1.500663879824016243e-02
1.500664217089039618e-02
1.500664554354061604e-02
1.500664891619086193e-02
1.500665228884116159e-02
1.500665566149154972e-02
1.500665903414205755e-02
1.500666240679272324e-02
1.500666577944357975e-02
1.500666915209466004e-02
1.500667252474600054e-02
1.500667589739763941e-02
1.500667927004960961e-02
1.500668264270195104e-02
1.500668601535469666e-02
1.500668938800788638e-02
1.500669276066155834e-02
1.500669613331574725e-02
1.500669950597049648e-02
1.500670287862584072e-02
1.500670625128181987e-02
1.500670962393847729e-02
1.500671299659584942e-02
1.500671636925397442e-02
1.500671974191289566e-02
1.500672311457265477e-02
1.500672648723329339e-02
1.500672985989484794e-02
1.500673323255736526e-02
1.500673660522088698e-02
1.500673997788545301e-02
1.500674335055111192e-02
1.500674672321789666e-02
1.500675009588585754e-02
1.500675346855503967e-02
1.500675684122548120e-02
1.500676021389723072e-02
1.500676358657032812e-02
1.500676695924482371e-02
1.500677033192075564e-02
1.500677370459817597e-02
1.500677707727712459e-02
1.500678044995764661e-02
1.500678382263979233e-02
1.500678719532360511e-02
1.500679056800913007e-02
1.500679394069641577e-02
1.500679731338550559e-02
1.500680068607644808e-02
1.500680405876929011e-02
1.500680743146407849e-02
1.500681080416086007e-02
1.500681417685968341e-02
1.500681754956059190e-02
1.500682092226363756e-02
1.500682429496886724e-02
1.500682766767632431e-02
1.500683104038606254e-02
1.500683441309812703e-02
1.500683778581256463e-02
1.500684115852942736e-02
1.500684453124876035e-02
1.500684790397061041e-02
1.500685127669503134e-02
1.500685464942206823e-02
1.500685802215176792e-02
1.500686139488418072e-02
1.500686476761935693e-02
1.500686814035734340e-02
1.500687151309818869e-02
1.500687488584193964e-02
1.500687825858865176e-02
1.500688163133836496e-02
1.500688500409113474e-02
1.500688837684700273e-02
1.500689174960602446e-02
1.500689512236824674e-02
1.500689849513371470e-02
