8.602485283532542923e-03
8.602491121675078303e-03
8.602496959813030544e-03
8.602502797946484647e-03
8.602508636075520410e-03
8.602514474200222833e-03
8.602520312320675183e-03
8.602526150436958993e-03
8.602531988549157529e-03
8.602537826657357528e-03
8.602543664761631848e-03
8.602549502862072428e-03
8.602555340958755598e-03
8.602561179051764623e-03
8.602567017141179301e-03
8.602572855227082899e-03
8.602578693309553479e-03
8.602584531388672573e-03
8.602590369464521713e-03
8.602596207537178963e-03
8.602602045606722383e-03
8.602607883673233508e-03
8.602613721736793867e-03
8.602619559797476320e-03
8.602625397855360664e-03
8.602631235910523227e-03
8.602637073963045541e-03
8.602642912013000465e-03
8.602648750060466060e-03
8.602654588105513450e-03
8.602660426148224168e-03
8.602666264188672807e-03
8.602672102226930489e-03
8.602677940263071810e-03
8.602683778297171360e-03
8.602689616329302000e-03
8.602695454359538321e-03
8.602701292387944509e-03
8.602707130414603831e-03
8.602712968439577002e-03
8.602718806462936879e-03
8.602724644484756322e-03
8.602730482505101250e-03
8.602736320524041053e-03
8.602742158541645118e-03
8.602747996557975896e-03
8.602753834573106245e-03
8.602759672587098616e-03
8.602765510600018928e-03
8.602771348611929630e-03
8.602777186622900113e-03
8.602783024632989356e-03
8.602788862642263279e-03
8.602794700650777393e-03
8.602800538658601087e-03
8.602806376665791607e-03
8.602812214672406199e-03
8.602818052678509048e-03
8.602823890684153929e-03
8.602829728689396355e-03
8.602835566694305713e-03
8.602841404698921904e-03
8.602847242703312580e-03
8.602853080707522845e-03
8.602858918711615149e-03
8.602864756715636330e-03
8.602870594719636693e-03
8.602876432723676955e-03
8.602882270727800484e-03
8.602888108732059322e-03
8.602893946736500305e-03
8.602899784741173742e-03
8.602905622746122999e-03
8.602911460751398384e-03
8.602917298757043266e-03
8.602923136763102746e-03
8.602928974769620193e-03
8.602934812776640711e-03
8.602940650784200727e-03
8.602946488792347079e-03
8.602952326801114463e-03
8.602958164810546246e-03
8.602964002820678857e-03
8.602969840831550460e-03
8.602975678843195750e-03
8.602981516855651156e-03
8.602987354868951372e-03
8.602993192883132828e-03
8.602999030898219809e-03
8.603004868914252215e-03
8.603010706931261270e-03
8.603016544949269526e-03
8.603022382968308207e-03
8.603028220988406805e-03
8.603034059009591339e-03
8.603039897031891300e-03
8.603045735055325771e-03
8.603051573079920772e-03
8.603057411105702323e-03
8.603063249132687773e-03
8.603069087160899672e-03
8.603074925190353633e-03
8.603080763221079147e-03
8.603086601253084886e-03
8.603092439286391668e-03
8.603098277321009901e-03
8.603104115356962137e-03
8.603109953394257048e-03
8.603115791432911982e-03
8.603121629472933879e-03
8.603127467514333146e-03
8.603133305557123661e-03
8.603139143601308894e-03
8.603144981646902723e-03
8.603150819693910351e-03
8.603156657742333513e-03
8.603162495792179149e-03
8.603168333843450727e-03
8.603174171896148248e-03
8.603180009950275181e-03
8.603185848005834996e-03
8.603191686062820753e-03
8.603197524121235923e-03
8.603203362181082239e-03
8.603209200242344090e-03
8.603215038305023210e-03
8.603220876369114395e-03
8.603226714434607236e-03
8.603232552501500000e-03
8.603238390569777072e-03
8.603244228639433250e-03
8.603250066710456390e-03
8.603255904782836083e-03
8.603261742856551514e-03
8.603267580931599212e-03
8.603273419007958361e-03
8.603279257085618553e-03
8.603285095164555502e-03
8.603290933244751859e-03
8.603296771326193748e-03
8.603302609408856882e-03
8.603308447492723915e-03
8.603314285577767090e-03
8.603320123663969060e-03
8.603325961751305540e-03
8.603331799839748772e-03
8.603337637929271003e-03
8.603343476019847946e-03
8.603349314111455315e-03
8.603355152204054945e-03
8.603360990297626021e-03
8.603366828392133847e-03
8.603372666487547199e-03
8.603378504583831382e-03
8.603384342680955171e-03
8.603390180778882138e-03
8.603396018877579321e-03
8.603401856977005088e-03
8.603407695077128214e-03
8.603413533177908801e-03
8.603419371279300010e-03
8.603425209381274086e-03
8.603431047483778987e-03
8.603436885586781754e-03
8.603442723690233815e-03
8.603448561794086596e-03
8.603454399898308874e-03
8.603460238002843402e-03
8.603466076107648547e-03
8.603471914212675736e-03
8.603477752317879867e-03
8.603483590423208899e-03
8.603489428528614258e-03
8.603495266634047373e-03
8.603501104739449262e-03
8.603506942844776559e-03
8.603512780949968547e-03
8.603518619054978389e-03
8.603524457159745370e-03
8.603530295264217448e-03
8.603536133368342581e-03
8.603541971472051381e-03
8.603547809575298744e-03
8.603553647678020486e-03
8.603559485780159360e-03
8.603565323881652918e-03
8.603571161982438709e-03
8.603577000082462956e-03
8.603582838181658005e-03
8.603588676279961406e-03
8.603594514377310709e-03
8.603600352473639995e-03
8.603606190568886813e-03
8.603612028662986980e-03
8.603617866755872839e-03
8.603623704847473269e-03
8.603629542937724084e-03
8.603635381026562834e-03
8.603641219113913191e-03
8.603647057199709236e-03
8.603652895283879845e-03
8.603658733366357364e-03
8.603664571447067200e-03
8.603670409525943433e-03
8.603676247602908000e-03
8.603682085677889779e-03
8.603687923750821115e-03
8.603693761821617006e-03
8.603699599890220207e-03
8.603705437956538776e-03
8.603711276020508530e-03
8.603717114082049672e-03
8.603722952141091077e-03
8.603728790197551213e-03
8.603734628251353753e-03
8.603740466302422368e-03
8.603746304350684201e-03
8.603752142396052516e-03
8.603757980438456188e-03
8.603763818477810216e-03
8.603769656514041742e-03
8.603775494547067498e-03
8.603781332576807689e-03
8.603787170603185985e-03
8.603793008626115651e-03
8.603798846645522094e-03
8.603804684661323782e-03
8.603810522673428773e-03
8.603816360681765946e-03
8.603822198686257236e-03
8.603828036686810704e-03
8.603833874683351757e-03
8.603839712675790188e-03
8.603845550664047936e-03
8.603851388648043469e-03
8.603857226627691784e-03
8.603863064602906147e-03
8.603868902573610228e-03
8.603874740539717292e-03
8.603880578501140602e-03
8.603886416457800362e-03
8.603892254409613305e-03
8.603898092356492694e-03
8.603903930298353528e-03
8.603909768235114275e-03
8.603915606166693403e-03
8.603921444092998971e-03
8.603927282013956387e-03
8.603933119929473711e-03
8.603938957839469409e-03
8.603944795743861951e-03
8.603950633642561130e-03
8.603956471535487149e-03
8.603962309422558477e-03
8.603968147303683173e-03
8.603973985178783174e-03
8.603979823047775213e-03
8.603985660910570821e-03
8.603991498767088464e-03
8.603997336617250080e-03
8.604003174460963729e-03
8.604009012298149614e-03
8.604014850128727937e-03
8.604020687952610227e-03
8.604026525769720157e-03
8.604032363579965786e-03
8.604038201383274256e-03
8.604044039179557096e-03
8.604049876968739713e-03
8.604055714750731901e-03
8.604061552525459067e-03
8.604067390292836209e-03
8.604073228052785266e-03
8.604079065805222970e-03
8.604084903550072994e-03
8.604090741287252070e-03
8.604096579016680402e-03
8.604102416738281661e-03
8.604108254451979521e-03
8.604114092157687244e-03
8.604119929855331972e-03
8.604125767544837378e-03
8.604131605226123664e-03
8.604137442899116237e-03
8.604143280563735299e-03
8.604149118219911463e-03
8.604154955867561461e-03
8.604160793506610699e-03
8.604166631136993260e-03
8.604172468758625875e-03
8.604178306371440890e-03
8.604184143975363713e-03
8.604189981570319751e-03
8.604195819156239614e-03
8.604201656733050443e-03
8.604207494300681117e-03
8.604213331859060510e-03
8.604219169408122703e-03
8.604225006947796572e-03
8.604230844478009260e-03
8.604236681998701786e-03
8.604242519509796086e-03
8.604248357011234916e-03
8.604254194502947151e-03
8.604260031984866872e-03
8.604265869456931629e-03
8.604271706919075502e-03
8.604277544371239511e-03
8.604283381813356002e-03
8.604289219245362524e-03
8.604295056667203567e-03
8.604300894078809742e-03
8.604306731480125536e-03
8.604312568871095440e-03
8.604318406251657003e-03
8.604324243621752979e-03
8.604330080981326123e-03
8.604335918330322658e-03
8.604341755668678399e-03
8.604347592996353447e-03
8.604353430313281884e-03
8.604359267619416871e-03
8.604365104914701162e-03
8.604370942199086186e-03
8.604376779472521636e-03
8.604382616734955469e-03
8.604388453986346053e-03
8.604394291226637875e-03
8.604400128455785834e-03
8.604405965673737888e-03
8.604411802880461077e-03
8.604417640075901624e-03
8.604423477260016162e-03
8.604429314432764792e-03
8.604435151594105879e-03
8.604440988743992588e-03
8.604446825882391958e-03
8.604452663009260621e-03
8.604458500124558679e-03
8.604464337228253171e-03
8.604470174320305934e-03
8.604476011400678803e-03
8.604481848469340555e-03
8.604487685526254759e-03
8.604493522571393660e-03
8.604499359604719094e-03
8.604505196626203306e-03
8.604511033635816805e-03
8.604516870633530101e-03
8.604522707619313704e-03
8.604528544593141592e-03
8.604534381554989481e-03
8.604540218504829613e-03
8.604546055442642907e-03
8.604551892368399874e-03
8.604557729282084899e-03
8.604563566183668494e-03
8.604569403073140249e-03
8.604575239950472410e-03
8.604581076815651097e-03
8.604586913668662435e-03
8.604592750509485605e-03
8.604598587338110199e-03
8.604604424154513667e-03
8.604610260958696008e-03
8.604616097750636405e-03
8.604621934530322716e-03
8.604627771297748001e-03
8.604633608052905322e-03
8.604639444795782535e-03
8.604645281526379641e-03
8.604651118244682761e-03
8.604656954950690162e-03
8.604662791644401842e-03
8.604668628325810864e-03
8.604674464994917227e-03
8.604680301651720931e-03
8.604686138296221976e-03
8.604691974928416892e-03
8.604697811548316089e-03
8.604703648155923035e-03
8.604709484751234261e-03
8.604715321334258440e-03
8.604721157905007717e-03
8.604726994463483825e-03
8.604732831009698907e-03
8.604738667543661637e-03
8.604744504065380689e-03
8.604750340574868206e-03
8.604756177072143269e-03
8.604762013557209349e-03
8.604767850030087262e-03
8.604773686490790885e-03
8.604779522939342770e-03
8.604785359375749856e-03
8.604791195800043369e-03
8.604797032212235450e-03
8.604802868612346917e-03
8.604808705000402055e-03
8.604814541376423417e-03
8.604820377740435289e-03
8.604826214092460221e-03
8.604832050432525969e-03
8.604837886760658555e-03
8.604843723076887468e-03
8.604849559381236995e-03
8.604855395673743565e-03
8.604861231954433198e-03
8.604867068223337120e-03
8.604872904480493495e-03
8.604878740725928343e-03
8.604884576959681564e-03
8.604890413181780912e-03
8.604896249392273225e-03
8.604902085591191463e-03
8.604907921778572055e-03
8.604913757954454900e-03
8.604919594118883366e-03
8.604925430271893882e-03
8.604931266413529817e-03
8.604937102543834537e-03
8.604942938662851412e-03
8.604948774770623809e-03
8.604954610867198567e-03
8.604960446952624256e-03
8.604966283026940777e-03
8.604972119090205374e-03
8.604977955142459681e-03
8.604983791183754005e-03
8.604989627214145592e-03
8.604995463233676076e-03
8.605001299242402701e-03
8.605007135240375776e-03
8.605012971227656016e-03
8.605018807204291992e-03
8.605024643170339216e-03
8.605030479125853199e-03
8.605036315070896391e-03
8.605042151005513895e-03
8.605047986929780304e-03
8.605053822843744191e-03
8.605059658747468004e-03
8.605065494641014195e-03
8.605071330524436540e-03
8.605077166397807897e-03
8.605083002261180308e-03
8.605088838114626631e-03
8.605094673958205848e-03
8.605100509791980407e-03
8.605106345616019697e-03
8.605112181430391374e-03
8.605118017235156153e-03
8.605123853030383421e-03
8.605129688816142569e-03
8.605135524592502985e-03
8.605141360359534058e-03
8.605147196117298239e-03
8.605153031865875324e-03
8.605158867605329498e-03
8.605164703335735354e-03
8.605170539057160548e-03
8.605176374769686609e-03
8.605182210473377724e-03
8.605188046168308486e-03
8.605193881854556956e-03
8.605199717532190790e-03
8.605205553201294988e-03
8.605211388861937205e-03
8.605217224514195504e-03
8.605223060158142742e-03
8.605228895793865657e-03
8.605234731421426697e-03
8.605240567040916069e-03
8.605246402652406632e-03
8.605252238255974712e-03
8.605258073851703576e-03
8.605263909439666084e-03
8.605269745019950706e-03
8.605275580592628565e-03
8.605281416157781194e-03
8.605287251715495328e-03
8.605293087265843827e-03
8.605298922808915160e-03
8.605304758344783922e-03
8.605310593873531644e-03
8.605316429395246797e-03
8.605322264910005708e-03
8.605328100417891646e-03
8.605333935918984406e-03
8.605339771413372460e-03
8.605345606901137340e-03
8.605351442382358843e-03
8.605357277857121970e-03
8.605363113325509988e-03
8.605368948787607900e-03
8.605374784243495501e-03
8.605380619693259528e-03
8.605386455136983248e-03
8.605392290574751663e-03
8.605398126006648038e-03
8.605403961432753907e-03
8.605409796853154270e-03
8.605415632267937598e-03
8.605421467677180219e-03
8.605427303080977544e-03
8.605433138479400695e-03
8.605438973872546818e-03
8.605444809260490505e-03
8.605450644643320227e-03
8.605456480021115781e-03
8.605462315393965639e-03
8.605468150761953067e-03
8.605473986125161331e-03
8.605479821483675434e-03
8.605485656837573438e-03
8.605491492186947283e-03
8.605497327531876767e-03
8.605503162872441686e-03
8.605508998208728777e-03
8.605514833540817837e-03
8.605520668868799072e-03
8.605526504192745341e-03
8.605532339512746848e-03
8.605538174828879922e-03
8.605544010141227829e-03
8.605549845449875571e-03
8.605555680754901210e-03
8.605561516056388013e-03
8.605567351354412309e-03
8.605573186649059098e-03
8.605579021940406442e-03
8.605584857228537610e-03
8.605590692513525458e-03
8.605596527795456724e-03
8.605602363074404265e-03
8.605608198350451349e-03
8.605614033623670833e-03
8.605619868894140781e-03
8.605625704161942724e-03
8.605631539427154725e-03
8.605637374689844438e-03
8.605643209950096864e-03
8.605649045207984862e-03
8.605654880463581291e-03
8.605660715716962478e-03
8.605666550968203016e-03
8.605672386217372294e-03
8.605678221464548375e-03
8.605684056709804117e-03
8.605689891953208909e-03
8.605695727194835609e-03
8.605701562434751872e-03
8.605707397673034026e-03
8.605713232909747989e-03
8.605719068144966621e-03
8.605724903378752372e-03
8.605730738611172895e-03
8.605736573842306253e-03
8.605742409072209692e-03
8.605748244300954336e-03
8.605754079528602635e-03
8.605759914755217038e-03
8.605765749980870405e-03
8.605771585205618246e-03
8.605777420429526481e-03
8.605783255652657560e-03
8.605789090875072198e-03
8.605794926096831110e-03
8.605800761317995012e-03
8.605806596538624620e-03
8.605812431758777178e-03
8.605818266978506464e-03
8.605824102197876663e-03
8.605829937416941550e-03
8.605835772635751432e-03
8.605841607854370495e-03
8.605847443072845576e-03
8.605853278291230452e-03
8.605859113509582367e-03
8.605864948727948160e-03
8.605870783946381608e-03
8.605876619164929547e-03
8.605882454383644020e-03
8.605888289602573599e-03
8.605894124821761651e-03
8.605899960041258484e-03
8.605905795261103997e-03
8.605911630481350230e-03
8.605917465702040553e-03
8.605923300923213129e-03
8.605929136144911326e-03
8.605934971367183717e-03
8.605940806590061526e-03
8.605946641813588122e-03
8.605952477037798198e-03
8.605958312262736859e-03
8.605964147488435328e-03
8.605969982714928301e-03
8.605975817942253941e-03
8.605981653170446943e-03
8.605987488399538532e-03
8.605993323629556463e-03
8.605999158860540635e-03
8.606004994092511864e-03
8.606010829325504846e-03
8.606016664559549070e-03
8.606022499794667088e-03
8.606028335030886656e-03
8.606034170268232059e-03
8.606040005506734522e-03
8.606045840746406189e-03
8.606051675987276550e-03
8.606057511229364687e-03
8.606063346472691417e-03
8.606069181717274086e-03
8.606075016963133512e-03
8.606080852210283572e-03
8.606086687458745083e-03
8.606092522708531922e-03
8.606098357959657968e-03
8.606104193212130160e-03
8.606110028465969314e-03
8.606115863721182369e-03
8.606121698977779733e-03
8.606127534235771814e-03
8.606133369495162083e-03
8.606139204755964417e-03
8.606145040018180550e-03
8.606150875281815688e-03
8.606156710546875033e-03
8.606162545813363790e-03
8.606168381081275021e-03
8.606174216350619133e-03
8.606180051621390922e-03
8.606185886893585185e-03
8.606191722167214064e-03
8.606197557442258478e-03
8.606203392718721895e-03
8.606209227996597377e-03
8.606215063275876251e-03
8.606220898556555046e-03
8.606226733838625090e-03
8.606232569122075973e-03
8.606238404406893819e-03
8.606244239693069953e-03
8.606250074980592232e-03
8.606255910269446779e-03
8.606261745559617982e-03
8.606267580851090226e-03
8.606273416143847901e-03
8.606279251437875394e-03
8.606285086733146683e-03
8.606290922029649626e-03
8.606296757327363406e-03
8.606302592626260267e-03
8.606308427926322863e-03
8.606314263227523437e-03
8.606320098529842907e-03
8.606325933833251784e-03
8.606331769137724047e-03
8.606337604443230205e-03
8.606343439749745972e-03
8.606349275057236653e-03
8.606355110365677963e-03
8.606360945675031737e-03
8.606366780985273690e-03
8.606372616296363923e-03
8.606378451608269475e-03
8.606384286920952184e-03
8.606390122234384293e-03
8.606395957548518966e-03
8.606401792863326711e-03
8.606407628178762426e-03
8.606413463494787947e-03
8.606419298811365109e-03
8.606425134128448812e-03
8.606430969445999155e-03
8.606436804763972770e-03
8.606442640082319351e-03
8.606448475400998999e-03
8.606454310719970080e-03
8.606460146039177084e-03
8.606465981358573172e-03
8.606471816678118447e-03
8.606477651997750458e-03
8.606483487317429307e-03
8.606489322637096012e-03
8.606495157956708941e-03
8.606500993276205644e-03
8.606506828595535813e-03
8.606512663914645672e-03
8.606518499233481445e-03
8.606524334551984151e-03
8.606530169870096544e-03
8.606536005187770053e-03
8.606541840504931817e-03
8.606547675821533266e-03
8.606553511137513685e-03
8.606559346452810622e-03
8.606565181767361628e-03
8.606571017081111191e-03
8.606576852393988189e-03
8.606582687705935375e-03
8.606588523016885095e-03
8.606594358326778368e-03
8.606600193635544072e-03
8.606606028943119754e-03
8.606611864249439497e-03
8.606617699554432177e-03
8.606623534858033608e-03
8.606629370160176137e-03
8.606635205460788640e-03
8.606641040759799993e-03
8.606646876057146012e-03
8.606652711352746898e-03
8.606658546646541938e-03
8.606664381938449598e-03
8.606670217228407430e-03
8.606676052516332165e-03
8.606681887802159620e-03
8.606687723085811731e-03
8.606693558367212171e-03
8.606699393646295021e-03
8.606705228922971809e-03
8.606711064197173147e-03
8.606716899468826176e-03
8.606722734737851099e-03
8.606728570004173323e-03
8.606734405267709581e-03
8.606740240528387015e-03
8.606746075786125827e-03
8.606751911040849690e-03
8.606757746292475336e-03
8.606763581540926439e-03
8.606769416786124935e-03
8.606775252027985823e-03
8.606781087266431041e-03
8.606786922501384260e-03
8.606792757732757010e-03
8.606798592960474698e-03
8.606804428184450587e-03
8.606810263404610084e-03
8.606816098620861250e-03
8.606821933833131225e-03
8.606827769041331538e-03
8.606833604245384128e-03
8.606839439445203993e-03
8.606845274640704396e-03
8.606851109831809010e-03
8.606856945018432833e-03
8.606862780200489130e-03
8.606868615377898102e-03
8.606874450550569544e-03
8.606880285718428863e-03
8.606886120881389324e-03
8.606891956039360719e-03
8.606897791192266722e-03
8.606903626340020597e-03
8.606909461482535606e-03
8.606915296619731953e-03
8.606921131751519433e-03
8.606926966877823451e-03
8.606932801998552068e-03
8.606938637113622018e-03
8.606944472222953502e-03
8.606950307326458049e-03
8.606956142424048925e-03
8.606961977515651535e-03
8.606967812601177409e-03
8.606973647680538075e-03
8.606979482753653737e-03
8.606985317820444598e-03
8.606991152880823920e-03
8.606996987934706703e-03
8.607002822982011414e-03
8.607008658022656522e-03
8.607014493056557025e-03
8.607020328083633126e-03
8.607026163103798089e-03
8.607031998116973850e-03
8.607037833123078879e-03
8.607043668122028174e-03
8.607049503113740202e-03
8.607055338098138636e-03
8.607061173075140209e-03
8.607067008044663389e-03
8.607072843006626645e-03
8.607078677960951912e-03
8.607084512907564600e-03
8.607090347846374501e-03
8.607096182777315696e-03
8.607102017700297980e-03
8.607107852615251964e-03
8.607113687522090911e-03
8.607119522420748903e-03
8.607125357311139202e-03
8.607131192193188951e-03
8.607137027066823556e-03
8.607142861931964956e-03
8.607148696788542025e-03
8.607154531636476702e-03
8.607160366475690924e-03
8.607166201306120507e-03
8.607172036127687387e-03
8.607177870940313502e-03
8.607183705743936403e-03
8.607189540538476291e-03
8.607195375323870717e-03
8.607201210100045088e-03
8.607207044866924811e-03
8.607212879624445701e-03
8.607218714372536633e-03
8.607224549111131690e-03
8.607230383840164950e-03
8.607236218559563556e-03
8.607242053269265059e-03
8.607247887969207006e-03
8.607253722659313072e-03
8.607259557339534684e-03
8.607265392009793778e-03
8.607271226670038314e-03
8.607277061320195433e-03
8.607282895960216562e-03
8.607288730590027109e-03
8.607294565209578502e-03
8.607300399818804820e-03
8.607306234417650553e-03
8.607312069006051516e-03
8.607317903583957402e-03
8.607323738151309231e-03
8.607329572708054960e-03
8.607335407254130405e-03
8.607341241789488728e-03
8.607347076314074419e-03
8.607352910827838904e-03
8.607358745330726674e-03
8.607364579822685685e-03
8.607370414303667366e-03
8.607376248773624880e-03
8.607382083232504449e-03
8.607387917680266176e-03
8.607393752116854549e-03
8.607399586542231404e-03
8.607405420956344699e-03
8.607411255359156271e-03
8.607417089750622752e-03
8.607422924130699038e-03
8.607428758499343496e-03
8.607434592856517963e-03
8.607440427202177335e-03
8.607446261536293858e-03
8.607452095858818958e-03
8.607457930169721411e-03
8.607463764468963052e-03
8.607469598756510923e-03
8.607475433032328593e-03
8.607481267296384839e-03
8.607487101548648434e-03
8.607492935789081215e-03
8.607498770017662365e-03
8.607504604234362394e-03
8.607510438439144873e-03
8.607516272631985516e-03
8.607522106812863505e-03
8.607527940981745881e-03
8.607533775138613563e-03
8.607539609283440529e-03
8.607545443416204228e-03
8.607551277536887313e-03
8.607557111645462028e-03
8.607562945741917965e-03
8.607568779826230837e-03
8.607574613898383298e-03
8.607580447958359735e-03
8.607586282006149739e-03
8.607592116041732494e-03
8.607597950065094122e-03
8.607603784076229420e-03
8.607609618075119304e-03
8.607615452061758571e-03
8.607621286036138547e-03
8.607627119998243620e-03
8.607632953948073790e-03
8.607638787885623852e-03
8.607644621810885133e-03
8.607650455723852428e-03
8.607656289624525739e-03
8.607662123512903329e-03
8.607667957388981730e-03
8.607673791252760942e-03
8.607679625104242699e-03
8.607685458943435675e-03
8.607691292770332930e-03
8.607697126584941405e-03
8.607702960387269772e-03
8.607708794177323236e-03
8.607714627955103531e-03
8.607720461720628005e-03
8.607726295473901862e-03
8.607732129214933775e-03
8.607737962943732418e-03
8.607743796660315139e-03
8.607749630364699284e-03
8.607755464056891792e-03
8.607761297736910011e-03
8.607767131404774757e-03
8.607772965060494705e-03
8.607778798704095874e-03
8.607784632335595612e-03
8.607790465955014736e-03
8.607796299562370593e-03
8.607802133157692673e-03
8.607807966741001793e-03
8.607813800312318769e-03
8.607819633871673093e-03
8.607825467419090784e-03
8.607831300954597864e-03
8.607837134478225558e-03
8.607842967989998151e-03
8.607848801489950338e-03
8.607854634978113345e-03
8.607860468454516661e-03
8.607866301919193247e-03
8.607872135372179531e-03
8.607877968813508474e-03
8.607883802243221708e-03
8.607889635661352193e-03
8.607895469067934624e-03
8.607901302463010634e-03
8.607907135846620122e-03
8.607912969218804722e-03
8.607918802579606066e-03
8.607924635929065788e-03
8.607930469267223786e-03
8.607936302594126898e-03
8.607942135909820228e-03
8.607947969214352346e-03
8.607953802507768357e-03
8.607959635790115097e-03
8.607965469061437669e-03
8.607971302321791585e-03
8.607977135571221947e-03
8.607982968809786001e-03
8.607988802037528850e-03
8.607994635254506005e-03
8.608000468460771243e-03
8.608006301656378340e-03
8.608012134841382806e-03
8.608017968015838420e-03
8.608023801179802426e-03
8.608029634333333804e-03
8.608035467476488067e-03
8.608041300609329399e-03
8.608047133731908107e-03
8.608052966844293580e-03
8.608058799946541328e-03
8.608064633038715538e-03
8.608070466120876923e-03
8.608076299193093139e-03
8.608082132255417962e-03
8.608087965307924250e-03
8.608093798350674453e-03
8.608099631383736225e-03
8.608105464407172017e-03
8.608111297421051217e-03
8.608117130425441479e-03
8.608122963420412194e-03
8.608128796406029279e-03
8.608134629382365594e-03
8.608140462349488792e-03
8.608146295307466528e-03
8.608152128256375130e-03
8.608157961196283986e-03
8.608163794127267690e-03
8.608169627049397366e-03
8.608175459962742401e-03
8.608181292867379125e-03
8.608187125763383865e-03
8.608192958650829479e-03
8.608198791529794031e-03
8.608204624400350377e-03
8.608210457262574847e-03
8.608216290116540298e-03
8.608222122962329997e-03
8.608227955800018538e-03
8.608233788629685718e-03
8.608239621451400925e-03
8.608245454265257834e-03
8.608251287071322366e-03
8.608257119869679522e-03
8.608262952660407363e-03
8.608268785443587423e-03
8.608274618219297764e-03
8.608280450987618182e-03
8.608286283748635415e-03
8.608292116502422320e-03
8.608297949249065634e-03
8.608303781988646888e-03
8.608309614721244146e-03
8.608315447446942409e-03
8.608321280165826678e-03
8.608327112877973281e-03
8.608332945583472423e-03
8.608338778282396964e-03
8.608344610974840577e-03
8.608350443660879592e-03
8.608356276340600743e-03
8.608362109014083829e-03
8.608367941681417321e-03
8.608373774342679280e-03
8.608379606997961647e-03
8.608385439647342485e-03
8.608391272290908530e-03
8.608397104928736110e-03
8.608402937560918899e-03
8.608408770187540165e-03
8.608414602808677971e-03
8.608420435424422520e-03
8.608426268034851878e-03
8.608432100640059717e-03
8.608437933240120632e-03
8.608443765835121358e-03
8.608449598425146898e-03
8.608455431010280517e-03
8.608461263590612422e-03
8.608467096166212001e-03
8.608472928737176399e-03
8.608478761303581944e-03
8.608484593865515372e-03
8.608490426423059949e-03
8.608496258976295473e-03
8.608502091525308680e-03
8.608507924070181103e-03
8.608513756610994272e-03
8.608519589147829720e-03
8.608525421680768980e-03
8.608531254209902256e-03
8.608537086735302407e-03
8.608542919257052700e-03
8.608548751775236402e-03
8.608554584289931574e-03
8.608560416801219750e-03
8.608566249309180726e-03
8.608572081813897769e-03
8.608577914315445473e-03
8.608583746813905369e-03
8.608589579309360723e-03
8.608595411801880926e-03
8.608601244291550977e-03
8.608607076778445472e-03
8.608612909262645940e-03
8.608618741744221772e-03
8.608624574223257969e-03
8.608630406699825655e-03
8.608636239174002891e-03
8.608642071645862537e-03
8.608647904115480920e-03
8.608653736582929164e-03
8.608659569048288801e-03
8.608665401511624016e-03
8.608671233973012871e-03
8.608677066432528224e-03
8.608682898890234261e-03
8.608688731346212514e-03
8.608694563800527166e-03
8.608700396253249343e-03
8.608706228704451902e-03
8.608712061154197293e-03
8.608717893602554905e-03
8.608723726049597597e-03
8.608729558495391287e-03
8.608735390939998428e-03
8.608741223383488406e-03
8.608747055825923672e-03
8.608752888267366676e-03
8.608758720707886808e-03
8.608764553147546517e-03
8.608770385586404783e-03
8.608776218024524057e-03
8.608782050461968524e-03
8.608787882898790225e-03
8.608793715335062019e-03
8.608799547770832478e-03
8.608805380206162317e-03
8.608811212641107047e-03
8.608817045075729119e-03
8.608822877510075369e-03
8.608828709944211718e-03
8.608834542378183269e-03
8.608840374812045532e-03
8.608846207245855753e-03
8.608852039679662504e-03
8.608857872113516094e-03
8.608863704547466827e-03
8.608869536981565013e-03
8.608875369415857487e-03
8.608881201850392823e-03
8.608887034285223061e-03
8.608892866720386366e-03
8.608898699155931311e-03
8.608904531591899528e-03
8.608910364028343060e-03
8.608916196465289661e-03
8.608922028902794843e-03
8.608927861340895035e-03
8.608933693779623197e-03
8.608939526219026167e-03
8.608945358659138639e-03
8.608951191099997041e-03
8.608957023541643008e-03
8.608962855984106030e-03
8.608968688427419066e-03
8.608974520871615077e-03
8.608980353316735695e-03
8.608986185762803472e-03
8.608992018209853103e-03
8.608997850657908874e-03
8.609003683107002008e-03
8.609009515557163733e-03
8.609015348008411395e-03
8.609021180460783157e-03
8.609027012914291163e-03
8.609032845368966638e-03
8.609038677824828664e-03
8.609044510281906731e-03
8.609050342740207779e-03
8.609056175199759561e-03
8.609062007660581162e-03
8.609067840122684723e-03
8.609073672586096265e-03
8.609079505050819259e-03
8.609085337516881459e-03
8.609091169984284600e-03
8.609097002453046030e-03
8.609102834923177891e-03
8.609108667394690592e-03
8.609114499867591072e-03
8.609120332341891474e-03
8.609126164817595267e-03
8.609131997294711125e-03
8.609137829773245987e-03
8.609143662253196383e-03
8.609149494734576191e-03
8.609155327217380207e-03
8.609161159701613636e-03
8.609166992187274742e-03
8.609172824674361790e-03
8.609178657162871312e-03
8.609184489652806777e-03
8.609190322144157775e-03
8.609196154636922574e-03
8.609201987131095968e-03
8.609207819626669284e-03
8.609213652123630378e-03
8.609219484621979251e-03
8.609225317121695087e-03
8.609231149622776150e-03
8.609236982125206827e-03
8.609242814628968038e-03
8.609248647134054577e-03
8.609254479640449098e-03
8.609260312148130784e-03
8.609266144657085756e-03
8.609271977167294934e-03
8.609277809678740970e-03
8.609283642191401312e-03
8.609289474705258613e-03
8.609295307220279914e-03
8.609301139736453071e-03
8.609306972253752063e-03
8.609312804772145666e-03
8.609318637291611329e-03
8.609324469812124764e-03
8.609330302333654747e-03
8.609336134856173522e-03
8.609341967379644661e-03
8.609347799904047346e-03
8.609353632429341679e-03
8.609359464955496435e-03
8.609365297482480389e-03
8.609371130010257112e-03
8.609376962538790173e-03
8.609382795068041411e-03
8.609388627597976129e-03
8.609394460128554430e-03
8.609400292659739884e-03
8.609406125191482184e-03
8.609411957723750106e-03
8.609417790256500280e-03
8.609423622789685870e-03
8.609429455323263508e-03
8.609435287857188090e-03
8.609441120391417984e-03
8.609446952925901148e-03
8.609452785460595947e-03
8.609458617995446872e-03
8.609464450530410554e-03
8.609470283065436685e-03
8.609476115600471491e-03
8.609481948135462928e-03
8.609487780670360690e-03
8.609493613205114471e-03
8.609499445739661819e-03
8.609505278273955897e-03
8.609511110807939460e-03
8.609516943341555262e-03
8.609522775874739117e-03
8.609528608407447658e-03
8.609534440939613231e-03
8.609540273471173386e-03
8.609546106002074345e-03
8.609551938532255394e-03
8.609557771061650613e-03
8.609563603590201022e-03
8.609569436117842436e-03
8.609575268644510671e-03
8.609581101170145009e-03
8.609586933694676064e-03
8.609592766218039650e-03
8.609598598740171582e-03
8.609604431260999002e-03
8.609610263780462930e-03
8.609616096298490506e-03
8.609621928815014077e-03
8.609627761329965989e-03
8.609633593843271648e-03
8.609639426354861666e-03
8.609645258864670123e-03
8.609651091372620690e-03
8.609656923878642246e-03
8.609662756382665399e-03
8.609668588884612089e-03
8.609674421384414661e-03
8.609680253881991582e-03
8.609686086377275199e-03
8.609691918870183980e-03
8.609697751360643331e-03
8.609703583848587333e-03
8.609709416333925780e-03
8.609715248816589284e-03
8.609721081296501516e-03
8.609726913773582679e-03
8.609732746247751242e-03
8.609738578718932611e-03
8.609744411187052193e-03
8.609750243652021517e-03
8.609756076113767725e-03
8.609761908572209285e-03
8.609767741027264665e-03
8.609773573478854067e-03
8.609779405926899429e-03
8.609785238371317484e-03
8.609791070812024966e-03
8.609796903248942077e-03
8.609802735681990754e-03
8.609808568111084262e-03
8.609814400536139334e-03
8.609820232957076172e-03
8.609826065373813245e-03
8.609831897786263816e-03
8.609837730194348088e-03
8.609843562597984529e-03
8.609849394997082933e-03
8.609855227391570442e-03
8.609861059781349912e-03
8.609866892166348484e-03
8.609872724546479422e-03
8.609878556921655990e-03
8.609884389291798390e-03
8.609890221656819886e-03
8.609896054016633743e-03
8.609901886371165367e-03
8.609907718720319347e-03
8.609913551064017623e-03
8.609919383402178661e-03
8.609925215734712256e-03
8.609931048061538611e-03
8.609936880382569255e-03
8.609942712697722655e-03
8.609948545006917281e-03
8.609954377310064660e-03
8.609960209607088466e-03
8.609966041897893288e-03
8.609971874182408003e-03
8.609977706460540670e-03
8.609983538732213226e-03
8.609989370997340671e-03
8.609995203255838003e-03
8.610001035507625425e-03
8.610006867752619669e-03
8.610012699990734000e-03
8.610018532221893825e-03
8.610024364446012407e-03
8.610030196663009949e-03
8.610036028872806654e-03
8.610041861075317521e-03
8.610047693270461017e-03
8.610053525458160814e-03
8.610059357638333646e-03
8.610065189810899716e-03
8.610071021975782696e-03
8.610076854132899318e-03
8.610082686282174991e-03
8.610088518423524712e-03
8.610094350556873888e-03
8.610100182682144457e-03
8.610106014799261825e-03
8.610111846908144462e-03
8.610117679008717773e-03
8.610123511100907165e-03
8.610129343184634576e-03
8.610135175259823678e-03
8.610141007326401613e-03
8.610146839384297257e-03
8.610152671433432547e-03
8.610158503473729422e-03
8.610164335505127164e-03
8.610170167527544244e-03
8.610175999540913006e-03
8.610181831545160591e-03
8.610187663540217612e-03
8.610193495526011209e-03
8.610199327502471994e-03
8.610205159469537517e-03
8.610210991427129715e-03
8.610216823375191342e-03
8.610222655313644335e-03
8.610228487242431450e-03
8.610234319161479827e-03
8.610240151070730485e-03
8.610245982970114037e-03
8.610251814859568031e-03
8.610257646739033488e-03
8.610263478608441018e-03
8.610269310467731640e-03
8.610275142316844640e-03
8.610280974155719302e-03
8.610286805984294911e-03
8.610292637802517690e-03
8.610298469610323455e-03
8.610304301407656694e-03
8.610310133194460161e-03
8.610315964970680080e-03
8.610321796736255737e-03
8.610327628491143762e-03
8.610333460235279970e-03
8.610339291968614056e-03
8.610345123691093977e-03
8.610350955402672896e-03
8.610356787103297035e-03
8.610362618792916090e-03
8.610368450471484955e-03
8.610374282138951590e-03
8.610380113795272627e-03
8.610385945440397759e-03
8.610391777074281883e-03
8.610397608696886834e-03
8.610403440308162307e-03
8.610409271908071871e-03
8.610415103496570424e-03
8.610420935073612864e-03
8.610426766639169699e-03
8.610432598193192358e-03
8.610438429735647881e-03
8.610444261266496369e-03
8.610450092785703127e-03
8.610455924293231728e-03
8.610461755789050944e-03
8.610467587273122614e-03
8.610473418745417246e-03
8.610479250205905349e-03
8.610485081654548761e-03
8.610490913091326665e-03
8.610496744516207834e-03
8.610502575929162780e-03
8.610508407330162012e-03
8.610514238719186447e-03
8.610520070096210066e-03
8.610525901461201642e-03
8.610531732814150768e-03
8.610537564155024484e-03
8.610543395483810647e-03
8.610549226800481501e-03
8.610555058105024903e-03
8.610560889397420037e-03
8.610566720677653024e-03
8.610572551945704783e-03
8.610578383201561437e-03
8.610584214445209106e-03
8.610590045676633913e-03
8.610595876895828921e-03
8.610601708102781984e-03
8.610607539297480961e-03
8.610613370479917178e-03
8.610619201650085430e-03
8.610625032807978779e-03
8.610630863953590286e-03
8.610636695086918216e-03
8.610642526207955630e-03
8.610648357316705997e-03
8.610654188413158910e-03
8.610660019497323042e-03
8.610665850569193189e-03
8.610671681628772819e-03
8.610677512676065404e-03
8.610683343711074411e-03
8.610689174733806781e-03
8.610695005744264247e-03
8.610700836742453748e-03
8.610706667728390898e-03
8.610712498702075696e-03
8.610718329663518550e-03
8.610724160612738542e-03
8.610729991549739143e-03
8.610735822474537698e-03
8.610741653387148087e-03
8.610747484287580716e-03
8.610753315175859873e-03
8.610759146051995966e-03
8.610764976916009811e-03
8.610770807767925694e-03
8.610776638607750555e-03
8.610782469435517353e-03
8.610788300251239966e-03
8.610794131054951353e-03
8.610799961846665393e-03
8.610805792626413310e-03
8.610811623394217657e-03
8.610817454150113126e-03
8.610823284894115331e-03
8.610829115626262437e-03
8.610834946346585667e-03
8.610840777055105838e-03
8.610846607751864584e-03
8.610852438436891396e-03
8.610858269110219232e-03
8.610864099771882788e-03
8.610869930421921961e-03
8.610875761060364508e-03
8.610881591687259001e-03
8.610887422302633196e-03
8.610893252906533929e-03
8.610899083498997630e-03
8.610904914080071137e-03
8.610910744649789145e-03
8.610916575208196755e-03
8.610922405755342540e-03
8.610928236291264665e-03
8.610934066816009966e-03
8.610939897329628750e-03
8.610945727832164387e-03
8.610951558323667182e-03
8.610957388804185708e-03
8.610963219273768537e-03
8.610969049732469446e-03
8.610974880180337007e-03
8.610980710617423262e-03
8.610986541043785455e-03
8.610992371459470426e-03
8.610998201864540624e-03
8.611004032259044622e-03
8.611009862643041399e-03
8.611015693016591671e-03
8.611021523379750950e-03
8.611027353732571277e-03
8.611033184075120306e-03
8.611039014407455283e-03
8.611044844729638659e-03
8.611050675041725944e-03
8.611056505343781323e-03
8.611062335635874185e-03
8.611068165918060041e-03
8.611073996190406546e-03
8.611079826452979619e-03
8.611085656705839975e-03
8.611091486949058738e-03
8.611097317182701827e-03
8.611103147406835162e-03
8.611108977621528132e-03
8.611114807826843187e-03
8.611120638022860124e-03
8.611126468209636189e-03
8.611132298387254649e-03
8.611138128555777954e-03
8.611143958715280697e-03
8.611149788865828797e-03
8.611155619007507256e-03
8.611161449140380258e-03
8.611167279264520663e-03
8.611173109380004798e-03
8.611178939486908990e-03
8.611184769585302629e-03
8.611190599675268981e-03
8.611196429756877435e-03
8.611202259830204320e-03
8.611208089895332901e-03
8.611213919952334303e-03
8.611219750001286588e-03
8.611225580042271288e-03
8.611231410075361262e-03
8.611237240100641510e-03
8.611243070118186627e-03
8.611248900128076408e-03
8.611254730130392387e-03
8.611260560125212626e-03
8.611266390112622127e-03
8.611272220092697216e-03
8.611278050065517692e-03
8.611283880031170290e-03
8.611289709989727870e-03
8.611295539941282370e-03
8.611301369885908386e-03
8.611307199823690917e-03
8.611313029754711496e-03
8.611318859679055124e-03
8.611324689596803333e-03
8.611330519508034187e-03
8.611336349412839625e-03
8.611342179311295975e-03
8.611348009203493442e-03
8.611353839089508355e-03
8.611359668969423981e-03
8.611365498843333993e-03
8.611371328711314721e-03
8.611377158573445961e-03
8.611382988429821389e-03
8.611388818280520802e-03
8.611394648125627466e-03
8.611400477965224648e-03
8.611406307799397350e-03
8.611412137628234043e-03
8.611417967451812788e-03
8.611423797270218589e-03
8.611429627083539914e-03
8.611435456891854828e-03
8.611441286695251801e-03
8.611447116493815834e-03
8.611452946287621521e-03
8.611458776076764271e-03
8.611464605861318677e-03
8.611470435641373211e-03
8.611476265417007669e-03
8.611482095188308789e-03
8.611487924955356366e-03
8.611493754718235402e-03
8.611499584477027430e-03
8.611505414231817451e-03
8.611511243982683528e-03
8.611517073729708927e-03
8.611522903472976914e-03
8.611528733212567288e-03
8.611534562948559846e-03
8.611540392681037853e-03
8.611546222410084578e-03
8.611552052135772878e-03
8.611557881858189489e-03
8.611563711577410740e-03
8.611569541293516428e-03
8.611575371006588084e-03
8.611581200716700302e-03
8.611587030423934613e-03
8.611592860128369081e-03
8.611598689830076564e-03
8.611604519529138593e-03
8.611610349225631497e-03
8.611616178919628134e-03
8.611622008611208301e-03
8.611627838300446591e-03
8.611633667987415863e-03
8.611639497672192445e-03
8.611645327354849194e-03
8.611651157035457235e-03
8.611656986714094630e-03
8.611662816390829034e-03
8.611668646065735039e-03
8.611674475738885504e-03
8.611680305410346348e-03
8.611686135080192164e-03
8.611691964748490608e-03
8.611697794415309332e-03
8.611703624080719460e-03
8.611709453744788648e-03
8.611715283407577609e-03
8.611721113069166142e-03
8.611726942729606288e-03
8.611732772388972640e-03
8.611738602047325913e-03
8.611744431704732028e-03
8.611750261361253433e-03
8.611756091016950845e-03
8.611761920671891918e-03
8.611767750326125223e-03
8.611773579979725354e-03
8.611779409632749557e-03
8.611785239285248139e-03
8.611791068937290489e-03
8.611796898588923443e-03
8.611802728240216392e-03
8.611808557891212704e-03
8.611814387541974827e-03
8.611820217192554805e-03
8.611826046843008148e-03
8.611831876493388632e-03
8.611837706143744831e-03
8.611843535794128784e-03
8.611849365444594270e-03
8.611855195095189860e-03
8.611861024745960658e-03
8.611866854396960438e-03
8.611872684048230836e-03
8.611878513699818688e-03
8.611884343351772567e-03
8.611890173004135840e-03
8.611896002656955346e-03
8.611901832310265778e-03
8.611907661964113975e-03
8.611913491618541569e-03
8.611919321273588460e-03
8.611925150929289341e-03
8.611930980585689316e-03
8.611936810242821344e-03
8.611942639900723589e-03
8.611948469559432481e-03
8.611954299218979245e-03
8.611960128879396839e-03
8.611965958540725163e-03
8.611971788202985034e-03
8.611977617866216350e-03
8.611983447530445132e-03
8.611989277195697401e-03
8.611995106862009586e-03
8.612000936529400769e-03
8.612006766197898705e-03
8.612012595867531151e-03
8.612018425538318922e-03
8.612024255210279367e-03
8.612030084883448913e-03
8.612035914557836236e-03
8.612041744233465621e-03
8.612047573910354414e-03
8.612053403588521699e-03
8.612059233267986558e-03
8.612065062948762867e-03
8.612070892630862770e-03
8.612076722314301880e-03
8.612082551999099278e-03
8.612088381685256699e-03
8.612094211372791491e-03
8.612100041061707123e-03
8.612105870752020942e-03
8.612111700443734683e-03
8.612117530136857019e-03
8.612123359831393155e-03
8.612129189527348294e-03
8.612135019224725907e-03
8.612140848923527728e-03
8.612146678623752022e-03
8.612152508325407463e-03
8.612158338028488846e-03
8.612164167732994438e-03
8.612169997438920768e-03
8.612175827146267837e-03
8.612181656855028705e-03
8.612187486565194700e-03
8.612193316276765820e-03
8.612199145989728188e-03
8.612204975704076601e-03
8.612210805419798915e-03
8.612216635136886456e-03
8.612222464855323611e-03
8.612228294575103443e-03
8.612234124296210339e-03
8.612239954018625215e-03
8.612245783742335931e-03
8.612251613467326872e-03
8.612257443193575487e-03
8.612263272921064430e-03
8.612269102649776353e-03
8.612274932379690440e-03
8.612280762110780669e-03
8.612286591843026223e-03
8.612292421576402818e-03
8.612298251310889635e-03
8.612304081046453716e-03
8.612309910783072509e-03
8.612315740520719992e-03
8.612321570259359738e-03
8.612327399998970928e-03
8.612333229739518869e-03
8.612339059480968867e-03
8.612344889223291430e-03
8.612350718966457069e-03
8.612356548710422416e-03
8.612362378455159714e-03
8.612368208200625597e-03
8.612374037946792307e-03
8.612379867693611274e-03
8.612385697441049537e-03
8.612391527189065463e-03
8.612397356937617418e-03
8.612403186686665504e-03
8.612409016436162884e-03
8.612414846186069659e-03
8.612420675936340725e-03
8.612426505686929246e-03
8.612432335437791853e-03
8.612438165188878239e-03
8.612443994940141567e-03
8.612449824691535000e-03
8.612455654443001291e-03
8.612461484194498806e-03
8.612467313945972036e-03
8.612473143697372407e-03
8.612478973448640940e-03
8.612484803199729061e-03
8.612490632950581260e-03
8.612496462701142025e-03
8.612502292451352376e-03
8.612508122201158536e-03
8.612513951950503260e-03
8.612519781699325833e-03
8.612525611447565538e-03
8.612531441195170334e-03
8.612537270942076037e-03
8.612543100688218461e-03
8.612548930433535158e-03
8.612554760177968879e-03
8.612560589921451973e-03
8.612566419663921988e-03
8.612572249405311270e-03
8.612578079145564308e-03
8.612583908884603040e-03
8.612589738622365015e-03
8.612595568358787784e-03
8.612601398093798488e-03
8.612607227827327738e-03
8.612613057559309615e-03
8.612618887289672995e-03
8.612624717018350223e-03
8.612630546745266708e-03
8.612636376470356528e-03
8.612642206193538152e-03
8.612648035914752601e-03
8.612653865633916606e-03
8.612659695350959044e-03
8.612665525065805322e-03
8.612671354778386051e-03
8.612677184488621435e-03
8.612683014196438613e-03
8.612688843901759525e-03
8.612694673604513046e-03
8.612700503304614175e-03
8.612706333001991788e-03
8.612712162696569557e-03
8.612717992388264215e-03
8.612723822077001171e-03
8.612729651762702360e-03
8.612735481445287986e-03
8.612741311124676516e-03
8.612747140800791623e-03
8.612752970473550040e-03
8.612758800142873705e-03
8.612764629808679351e-03
8.612770459470890649e-03
8.612776289129424334e-03
8.612782118784198873e-03
8.612787948435129265e-03
8.612793778082140916e-03
8.612799607725145357e-03
8.612805437364061054e-03
8.612811266998809945e-03
8.612817096629303559e-03
8.612822926255462100e-03
8.612828755877200565e-03
8.612834585494440892e-03
8.612840415107094610e-03
8.612846244715074984e-03
8.612852074318303949e-03
8.612857903916699975e-03
8.612863733510174591e-03
8.612869563098646264e-03
8.612875392682028258e-03
8.612881222260237307e-03
8.612887051833190144e-03
8.612892881400805237e-03
8.612898710962994114e-03
8.612904540519676980e-03
8.612910370070765362e-03
8.612916199616175994e-03
8.612922029155829079e-03
8.612927858689639615e-03
8.612933688217517397e-03
8.612939517739384362e-03
8.612945347255155509e-03
8.612951176764745836e-03
8.612957006268077281e-03
8.612962835765059638e-03
8.612968665255613110e-03
8.612974494739650960e-03
8.612980324217096861e-03
8.612986153687860608e-03
8.612991983151862402e-03
8.612997812609025916e-03
8.613003642059259210e-03
8.613009471502487691e-03
8.613015300938626356e-03
8.613021130367593675e-03
8.613026959789308115e-03
8.613032789203688144e-03
8.613038618610657435e-03
8.613044448010130985e-03
8.613050277402028998e-03
8.613056106786278615e-03
8.613061936162789631e-03
8.613067765531490921e-03
8.613073594892300955e-03
8.613079424245141669e-03
8.613085253589936735e-03
8.613091082926606357e-03
8.613096912255074206e-03
8.613102741575263954e-03
8.613108570887097540e-03
8.613114400190503839e-03
8.613120229485397850e-03
8.613126058771720592e-03
8.613131888049381860e-03
8.613137717318313999e-03
8.613143546578442417e-03
8.613149375829701193e-03
8.613155205072005327e-03
8.613161034305292368e-03
8.613166863529489459e-03
8.613172692744520270e-03
8.613178521950318883e-03
8.613184351146819379e-03
8.613190180333947163e-03
8.613196009511634582e-03
8.613201838679813982e-03
8.613207667838417708e-03
8.613213496987379841e-03
8.613219326126634462e-03
8.613225155256115650e-03
8.613230984375764426e-03
8.613236813485502727e-03
8.613242642585280245e-03
8.613248471675029327e-03
8.613254300754685788e-03
8.613260129824195852e-03
8.613265958883491863e-03
8.613271787932511372e-03
8.613277616971204073e-03
8.613283445999505780e-03
8.613289275017359248e-03
8.613295104024710699e-03
8.613300933021501155e-03
8.613306762007675102e-03
8.613312590983180500e-03
8.613318419947958368e-03
8.613324248901960134e-03
8.613330077845133756e-03
8.613335906777423723e-03
8.613341735698784932e-03
8.613347564609165341e-03
8.613353393508511174e-03
8.613359222396779064e-03
8.613365051273925641e-03
8.613370880139897129e-03
8.613376708994650161e-03
8.613382537838143102e-03
8.613388366670329116e-03
8.613394195491164834e-03
8.613400024300610358e-03
8.613405853098624054e-03
8.613411681885167759e-03
8.613417510660196369e-03
8.613423339423675190e-03
8.613429168175569528e-03
8.613434996915837749e-03
8.613440825644445159e-03
8.613446654361360533e-03
8.613452483066549176e-03
8.613458311759972924e-03
8.613464140441607492e-03
8.613469969111414715e-03
8.613475797769370307e-03
8.613481626415446513e-03
8.613487455049606903e-03
8.613493283671832396e-03
8.613499112282096970e-03
8.613504940880367666e-03
8.613510769466630607e-03
8.613516598040854566e-03
8.613522426603023932e-03
8.613528255153112684e-03
8.613534083691100005e-03
8.613539912216975486e-03
8.613545740730709638e-03
8.613551569232293786e-03
8.613557397721707115e-03
8.613563226198939216e-03
8.613569054663972741e-03
8.613574883116792077e-03
8.613580711557388553e-03
8.613586539985750024e-03
8.613592368401873020e-03
8.613598196805738461e-03
8.613604025197346345e-03
8.613609853576682795e-03
8.613615681943746077e-03
8.613621510298534456e-03
8.613627338641039258e-03
8.613633166971258748e-03
8.613638995289191191e-03
8.613644823594838323e-03
8.613650651888194940e-03
8.613656480169267979e-03
8.613662308438060911e-03
8.613668136694570265e-03
8.613673964938804717e-03
8.613679793170771204e-03
8.613685621390473196e-03
8.613691449597921101e-03
8.613697277793118390e-03
8.613703105976082408e-03
8.613708934146816626e-03
8.613714762305338390e-03
8.613720590451656375e-03
8.613726418585784458e-03
8.613732246707739987e-03
8.613738074817536838e-03
8.613743902915192360e-03
8.613749731000725635e-03
8.613755559074148804e-03
8.613761387135493094e-03
8.613767215184767179e-03
8.613773043222004017e-03
8.613778871247214017e-03
8.613784699260433608e-03
8.613790527261678404e-03
8.613796355250977893e-03
8.613802183228359832e-03
8.613808011193848507e-03
8.613813839147475143e-03
8.613819667089269230e-03
8.613825495019260259e-03
8.613831322937477719e-03
8.613837150843956306e-03
8.613842978738730713e-03
8.613848806621835635e-03
8.613854634493302298e-03
8.613860462353172334e-03
8.613866290201478704e-03
8.613872118038261305e-03
8.613877945863560037e-03
8.613883773677413064e-03
8.613889601479858549e-03
8.613895429270943330e-03
8.613901257050709040e-03
8.613907084819197313e-03
8.613912912576453251e-03
8.613918740322520223e-03
8.613924568057452005e-03
8.613930395781285027e-03
8.613936223494074798e-03
8.613942051195869892e-03
8.613947878886710208e-03
8.613953706566658194e-03
8.613959534235757221e-03
8.613965361894061062e-03
8.613971189541626966e-03
8.613977017178503504e-03
8.613982844804744451e-03
8.613988672420408790e-03
8.613994500025550297e-03
8.614000327620226216e-03
8.614006155204493795e-03
8.614011982778410279e-03
8.614017810342034648e-03
8.614023637895429353e-03
8.614029465438651639e-03
8.614035292971767427e-03
8.614041120494828757e-03
8.614046948007906754e-03
8.614052775511065602e-03
8.614058603004362547e-03
8.614064430487865243e-03
8.614070257961641344e-03
8.614076085425751567e-03
8.614081912880263564e-03
8.614087740325250195e-03
8.614093567760772174e-03
8.614099395186900626e-03
8.614105222603706674e-03
8.614111050011256238e-03
8.614116877409618706e-03
8.614122704798870406e-03
8.614128532179075523e-03
8.614134359550312120e-03
8.614140186912644381e-03
8.614146014266153839e-03
8.614151841610909882e-03
8.614157668946985369e-03
8.614163496274456627e-03
8.614169323593396516e-03
8.614175150903881362e-03
8.614180978205987493e-03
8.614186805499791239e-03
8.614192632785367190e-03
8.614198460062793411e-03
8.614204287332147963e-03
8.614210114593507175e-03
8.614215941846949109e-03
8.614221769092555298e-03
8.614227596330400333e-03
8.614233423560567482e-03
8.614239250783133073e-03
8.614245077998180372e-03
8.614250905205785708e-03
8.614256732406032346e-03
8.614262559598998351e-03
8.614268386784768722e-03
8.614274213963424992e-03
8.614280041135043489e-03
8.614285868299712684e-03
8.614291695457507170e-03
8.614297522608515417e-03
8.614303349752817224e-03
8.614309176890497591e-03
8.614315004021638050e-03
8.614320831146320134e-03
8.614326658264625375e-03
8.614332485376647447e-03
8.614338312482457474e-03
8.614344139582145662e-03
8.614349966675795278e-03
8.614355793763486119e-03
8.614361620845306655e-03
8.614367447921338419e-03
8.614373274991666413e-03
8.614379102056373902e-03
8.614384929115544154e-03
8.614390756169265639e-03
8.614396583217616421e-03
8.614402410260684970e-03
8.614408237298552817e-03
8.614414064331306700e-03
8.614419891359026416e-03
8.614425718381800434e-03
