1.499999999704623721e-02
1.500000336337210458e-02
1.500000672970142231e-02
1.500001009603424418e-02
1.500001346237061356e-02
1.500001682871058076e-02
1.500002019505419261e-02
1.500002356140149942e-02
1.500002692775254456e-02
1.500003029410737834e-02
1.500003366046604586e-02
1.500003702682860089e-02
1.500004039319508334e-02
1.500004375956554177e-02
1.500004712594002476e-02
1.500005049231857915e-02
1.500005385870125003e-02
1.500005722508808426e-02
1.500006059147912692e-02
1.500006395787443006e-02
1.500006732427403011e-02
1.500007069067798085e-02
1.500007405708632217e-02
1.500007742349910266e-02
1.500008078991636393e-02
1.500008415633815283e-02
1.500008752276451446e-02
1.500009088919549392e-02
1.500009425563113286e-02
1.500009762207147462e-02
1.500010098851656433e-02
1.500010435496644361e-02
1.500010772142115756e-02
1.500011108788074955e-02
1.500011445434525775e-02
1.500011782081472726e-02
1.500012118728919971e-02
1.500012455376871674e-02
1.500012792025331824e-02
1.500013128674304586e-02
1.500013465323794121e-02
1.500013801973804246e-02
1.500014138624338952e-02
1.500014475275402402e-02
1.500014811926998239e-02
1.500015148579130625e-02
1.500015485231803204e-02
1.500015821885019966e-02
1.500016158538784380e-02
1.500016495193100437e-02
1.500016831847971778e-02
1.500017168503401874e-02
1.500017505159394540e-02
1.500017841815953247e-02
1.500018178473081810e-02
1.500018515130783353e-02
1.500018851789061344e-02
1.500019188447919601e-02
1.500019525107361071e-02
1.500019861767389225e-02
1.500020198428007358e-02
1.500020535089218766e-02
1.500020871751026399e-02
1.500021208413433726e-02
1.500021545076443523e-02
1.500021881740059085e-02
1.500022218404283361e-02
1.500022555069119301e-02
1.500022891734569680e-02
1.500023228400637620e-02
1.500023565067325898e-02
1.500023901734636941e-02
1.500024238402573873e-02
1.500024575071139121e-02
1.500024911740335636e-02
1.500025248410165497e-02
1.500025585080631482e-02
1.500025921751736192e-02
1.500026258423481883e-02
1.500026595095870809e-02
1.500026931768905572e-02
1.500027268442588255e-02
1.500027605116921112e-02
1.500027941791906051e-02
1.500028278467545675e-02
1.500028615143841372e-02
1.500028951820795743e-02
1.500029288498410524e-02
1.500029625176687448e-02
1.500029961855628424e-02
1.500030298535235361e-02
1.500030635215509819e-02
1.500030971896453534e-02
1.500031308578067893e-02
1.500031645260354804e-02
1.500031981943315655e-02
1.500032318626951661e-02
1.500032655311264382e-02
1.500032991996255206e-02
1.500033328681925175e-02
1.500033665368275503e-02
1.500034002055307750e-02
1.500034338743022611e-02
1.500034675431421126e-02
1.500035012120504510e-02
1.500035348810273284e-02
1.500035685500728834e-02
1.500036022191871508e-02
1.500036358883702174e-02
1.500036695576221699e-02
1.500037032269430429e-02
1.500037368963328885e-02
1.500037705657917934e-02
1.500038042353197751e-02
1.500038379049168681e-02
1.500038715745831419e-02
1.500039052443185791e-02
1.500039389141232145e-02
1.500039725839970826e-02
1.500040062539401489e-02
1.500040399239524654e-02
1.500040735940339973e-02
1.500041072641847446e-02
1.500041409344046728e-02
1.500041746046938164e-02
1.500042082750520714e-02
1.500042419454794725e-02
1.500042756159759329e-02
1.500043092865414526e-02
1.500043429571759276e-02
1.500043766278793406e-02
1.500044102986516047e-02
1.500044439694927026e-02
1.500044776404024782e-02
1.500045113113809142e-02
1.500045449824279065e-02
1.500045786535433509e-02
1.500046123247271608e-02
1.500046459959792321e-02
1.500046796672994780e-02
1.500047133386877077e-02
1.500047470101438865e-02
1.500047806816678583e-02
1.500048143532594670e-02
1.500048480249185912e-02
1.500048816966451266e-02
1.500049153684388306e-02
1.500049490402996337e-02
1.500049827122273451e-02
1.500050163842217739e-02
1.500050500562827814e-02
1.500050837284101768e-02
1.500051174006037866e-02
1.500051510728634026e-02
1.500051847451888687e-02
1.500052184175799247e-02
1.500052520900364145e-02
1.500052857625581125e-02
1.500053194351447933e-02
1.500053531077962486e-02
1.500053867805122704e-02
1.500054204532925636e-02
1.500054541261369549e-02
1.500054877990452014e-02
1.500055214720170081e-02
1.500055551450521496e-02
1.500055888181503830e-02
1.500056224913114133e-02
1.500056561645349978e-02
1.500056898378208589e-02
1.500057235111687190e-02
1.500057571845782832e-02
1.500057908580492913e-02
1.500058245315814137e-02
1.500058582051743902e-02
1.500058918788279086e-02
1.500059255525416219e-02
1.500059592263153045e-02
1.500059929001485749e-02
1.500060265740411382e-02
1.500060602479926473e-02
1.500060939220028075e-02
1.500061275960712717e-02
1.500061612701976931e-02
1.500061949443817245e-02
1.500062286186230540e-02
1.500062622929212997e-02
1.500062959672761147e-02
1.500063296416871694e-02
1.500063633161540649e-02
1.500063969906764542e-02
1.500064306652539384e-02
1.500064643398861877e-02
1.500064980145727860e-02
1.500065316893133861e-02
1.500065653641075719e-02
1.500065990389550137e-02
1.500066327138552431e-02
1.500066663888078786e-02
1.500067000638125730e-02
1.500067337388688929e-02
1.500067674139764218e-02
1.500068010891347607e-02
1.500068347643435107e-02
1.500068684396022207e-02
1.500069021149104918e-02
1.500069357902679250e-02
1.500069694656740865e-02
1.500070031411285254e-02
1.500070368166308427e-02
1.500070704921805699e-02
1.500071041677773082e-02
1.500071378434205890e-02
1.500071715191100136e-02
1.500072051948450787e-02
1.500072388706253854e-02
1.500072725464504826e-02
1.500073062223199021e-02
1.500073398982332100e-02
1.500073735741899207e-02
1.500074072501896352e-02
1.500074409262318331e-02
1.500074746023160981e-02
1.500075082784419443e-02
1.500075419546089209e-02
1.500075756308165420e-02
1.500076093070643740e-02
1.500076429833519139e-02
1.500076766596787105e-02
1.500077103360442782e-02
1.500077440124481659e-02
1.500077776888898880e-02
1.500078113653689586e-02
1.500078450418848922e-02
1.500078787184372375e-02
1.500079123950255264e-02
1.500079460716492383e-02
1.500079797483079222e-02
1.500080134250010751e-02
1.500080471017282459e-02
1.500080807784888969e-02
1.500081144552825770e-02
1.500081481321088352e-02
1.500081818089671511e-02
1.500082154858570389e-02
1.500082491627780130e-02
1.500082828397295877e-02
1.500083165167112771e-02
1.500083501937226303e-02
1.500083838707630922e-02
1.500084175478322464e-02
1.500084512249295725e-02
1.500084849020545848e-02
1.500085185792068149e-02
1.500085522563857424e-02
1.500085859335909162e-02
1.500086196108218681e-02
1.500086532880780775e-02
1.500086869653590588e-02
1.500087206426643609e-02
1.500087543199934981e-02
1.500087879973459673e-02
1.500088216747213002e-02
1.500088553521190284e-02
1.500088890295386661e-02
1.500089227069797450e-02
1.500089563844417620e-02
1.500089900619243008e-02
1.500090237394268236e-02
1.500090574169489141e-02
1.500090910944900865e-02
1.500091247720498379e-02
1.500091584496277344e-02
1.500091921272233252e-02
1.500092258048361243e-02
1.500092594824656983e-02
1.500092931601115613e-02
1.500093268377732450e-02
1.500093605154503330e-02
1.500093941931423570e-02
1.500094278708488486e-02
1.500094615485693915e-02
1.500094952263034999e-02
1.500095289040507922e-02
1.500095625818107826e-02
1.500095962595830203e-02
1.500096299373671060e-02
1.500096636151625890e-02
1.500096972929690700e-02
1.500097309707860635e-02
1.500097646486131704e-02
1.500097983264499918e-02
1.500098320042961113e-02
1.500098656821510779e-02
1.500098993600144752e-02
1.500099330378859216e-02
1.500099667157650182e-02
1.500100003936513660e-02
1.500100340715445138e-02
1.500100677494441322e-02
1.500101014273497874e-02
1.500101351052611151e-02
1.500101687831776991e-02
1.500102024610991749e-02
1.500102361390251784e-02
1.500102698169553106e-02
1.500103034948892244e-02
1.500103371728265557e-02
1.500103708507669054e-02
1.500104045287099438e-02
1.500104382066553242e-02
1.500104718846026648e-02
1.500105055625516708e-02
1.500105392405019430e-02
1.500105729184531694e-02
1.500106065964050377e-02
1.500106402743572008e-02
1.500106739523093292e-02
1.500107076302610934e-02
1.500107413082121983e-02
1.500107749861623319e-02
1.500108086641111643e-02
1.500108423420584355e-02
1.500108760200037986e-02
1.500109096979470105e-02
1.500109433758877592e-02
1.500109770538257670e-02
1.500110107317607216e-02
1.500110444096924150e-02
1.500110780876205349e-02
1.500111117655448210e-02
1.500111454434650306e-02
1.500111791213809380e-02
1.500112127992922137e-02
1.500112464771986842e-02
1.500112801551000720e-02
1.500113138329961862e-02
1.500113475108867667e-02
1.500113811887716225e-02
1.500114148666505109e-02
1.500114485445232064e-02
1.500114822223895528e-02
1.500115159002493245e-02
1.500115495781022962e-02
1.500115832559483289e-02
1.500116169337871973e-02
1.500116506116187624e-02
1.500116842894428509e-02
1.500117179672592373e-02
1.500117516450678173e-02
1.500117853228684350e-02
1.500118190006608995e-02
1.500118526784451067e-02
1.500118863562208832e-02
1.500119200339881248e-02
1.500119537117466928e-02
1.500119873894964831e-02
1.500120210672373396e-02
1.500120547449691755e-02
1.500120884226919041e-02
1.500121221004054213e-02
1.500121557781095884e-02
1.500121894558043879e-02
1.500122231334896639e-02
1.500122568111654335e-02
1.500122904888315407e-02
1.500123241664879856e-02
1.500123578441346466e-02
1.500123915217715410e-02
1.500124251993985997e-02
1.500124588770157356e-02
1.500124925546230011e-02
1.500125262322202918e-02
1.500125599098076253e-02
1.500125935873850014e-02
1.500126272649523682e-02
1.500126609425097429e-02
1.500126946200571257e-02
1.500127282975945338e-02
1.500127619751219846e-02
1.500127956526394434e-02
1.500128293301470142e-02
1.500128630076446971e-02
1.500128966851325095e-02
1.500129303626105207e-02
1.500129640400787653e-02
1.500129977175373129e-02
1.500130313949862154e-02
1.500130650724255769e-02
1.500130987498554148e-02
1.500131324272758158e-02
1.500131661046868840e-02
1.500131997820887408e-02
1.500132334594814210e-02
1.500132671368650458e-02
1.500133008142397716e-02
1.500133344916056502e-02
1.500133681689628552e-02
1.500134018463114560e-02
1.500134355236516087e-02
1.500134692009834868e-02
1.500135028783071769e-02
1.500135365556228700e-02
1.500135702329306875e-02
1.500136039102308375e-02
1.500136375875234240e-02
1.500136712648086380e-02
1.500137049420866876e-02
1.500137386193577289e-02
1.500137722966219528e-02
1.500138059738795673e-02
1.500138396511307461e-02
1.500138733283757145e-02
1.500139070056146461e-02
1.500139406828478357e-02
1.500139743600754048e-02
1.500140080372976484e-02
1.500140417145147745e-02
1.500140753917270087e-02
1.500141090689346111e-02
1.500141427461378074e-02
1.500141764233369097e-02
1.500142101005320742e-02
1.500142437777236305e-02
1.500142774549118388e-02
1.500143111320969593e-02
1.500143448092792868e-02
1.500143784864590470e-02
1.500144121636366040e-02
1.500144458408122008e-02
1.500144795179861497e-02
1.500145131951587454e-02
1.500145468723302830e-02
1.500145805495010920e-02
1.500146142266714673e-02
1.500146479038417559e-02
1.500146815810122353e-02
1.500147152581833045e-02
1.500147489353552237e-02
1.500147826125283572e-02
1.500148162897030693e-02
1.500148499668796549e-02
1.500148836440585130e-02
1.500149173212399732e-02
1.500149509984243824e-02
1.500149846756121223e-02
1.500150183528035572e-02
1.500150520299990339e-02
1.500150857071989516e-02
1.500151193844036744e-02
1.500151530616135667e-02
1.500151867388290622e-02
1.500152204160504904e-02
1.500152540932783024e-02
1.500152877705128278e-02
1.500153214477545349e-02
1.500153551250037534e-02
1.500153888022609343e-02
1.500154224795264939e-02
1.500154561568008138e-02
1.500154898340843104e-02
1.500155235113774174e-02
1.500155571886805511e-02
1.500155908659941278e-02
1.500156245433185986e-02
1.500156582206543625e-02
1.500156918980018704e-02
1.500157255753615214e-02
1.500157592527338012e-02
1.500157929301191434e-02
1.500158266075179644e-02
1.500158602849307327e-02
1.500158939623578817e-02
1.500159276397998454e-02
1.500159613172571266e-02
1.500159949947301417e-02
1.500160286722193419e-02
1.500160623497251954e-02
1.500160960272481879e-02
1.500161297047887358e-02
1.500161633823473249e-02
1.500161970599244235e-02
1.500162307375204999e-02
1.500162644151359879e-02
1.500162980927714253e-02
1.500163317704272456e-02
1.500163654481039173e-02
1.500163991258019087e-02
1.500164328035217230e-02
1.500164664812637938e-02
1.500165001590286588e-02
1.500165338368167692e-02
1.500165675146285758e-02
1.500166011924645992e-02
1.500166348703253077e-02
1.500166685482111871e-02
1.500167022261227230e-02
1.500167359040603665e-02
1.500167695820246554e-02
1.500168032600160406e-02
1.500168369380350253e-02
1.500168706160820431e-02
1.500169042941576665e-02
1.500169379722623292e-02
1.500169716503964995e-02
1.500170053285606805e-02
1.500170390067553927e-02
1.500170726849810870e-02
1.500171063632382666e-02
1.500171400415273651e-02
1.500171737198489376e-02
1.500172073982034525e-02
1.500172410765913782e-02
1.500172747550131830e-02
1.500173084334693700e-02
1.500173421119604250e-02
1.500173757904868337e-02
1.500174094690490470e-02
1.500174431476475681e-02
1.500174768262828827e-02
1.500175105049554591e-02
1.500175441836657311e-02
1.500175778624142538e-02
1.500176115412014434e-02
1.500176452200278031e-02
1.500176788988937839e-02
1.500177125777998714e-02
1.500177462567465168e-02
1.500177799357341711e-02
1.500178136147633547e-02
1.500178472938344838e-02
1.500178809729480270e-02
1.500179146521044525e-02
1.500179483313042288e-02
1.500179820105478068e-02
1.500180156898355682e-02
1.500180493691680682e-02
1.500180830485457056e-02
1.500181167279689490e-02
1.500181504074381972e-02
1.500181840869539360e-02
1.500182177665165817e-02
1.500182514461265680e-02
1.500182851257843460e-02
1.500183188054903319e-02
1.500183524852449768e-02
1.500183861650486623e-02
1.500184198449018395e-02
1.500184535248049247e-02
1.500184872047583516e-02
1.500185208847624845e-02
1.500185545648177569e-02
1.500185882449246028e-02
1.500186219250834209e-02
1.500186556052945583e-02
1.500186892855584486e-02
1.500187229658755082e-02
1.500187566462460841e-02
1.500187903266705751e-02
1.500188240071493977e-02
1.500188576876828814e-02
1.500188913682714252e-02
1.500189250489153935e-02
1.500189587296151504e-02
1.500189924103710604e-02
1.500190260911835050e-02
1.500190597720528138e-02
1.500190934529793164e-02
1.500191271339634119e-02
1.500191608150054125e-02
1.500191944961056477e-02
1.500192281772644992e-02
1.500192618584822446e-02
1.500192955397592481e-02
1.500193292210957874e-02
1.500193629024921919e-02
1.500193965839488087e-02
1.500194302654658980e-02
1.500194639470438240e-02
1.500194976286828123e-02
1.500195313103832098e-02
1.500195649921452594e-02
1.500195986739692906e-02
1.500196323558555291e-02
1.500196660378043390e-02
1.500196997198158765e-02
1.500197334018904712e-02
1.500197670840283833e-02
1.500198007662298556e-02
1.500198344484951138e-02
1.500198681308244526e-02
1.500199018132180630e-02
1.500199354956762050e-02
1.500199691781990870e-02
1.500200028607869517e-02
1.500200365434400072e-02
1.500200702261584446e-02
1.500201039089425065e-02
1.500201375917923838e-02
1.500201712747082326e-02
1.500202049576903132e-02
1.500202386407387817e-02
1.500202723238537941e-02
1.500203060070355414e-02
1.500203396902841796e-02
1.500203733735998995e-02
1.500204070569828400e-02
1.500204407404331398e-02
1.500204744239509724e-02
1.500205081075364419e-02
1.500205417911897390e-02
1.500205754749109159e-02
1.500206091587001807e-02
1.500206428425575854e-02
1.500206765264832515e-02
1.500207102104773003e-02
1.500207438945398361e-02
1.500207775786709281e-02
1.500208112628706805e-02
1.500208449471391627e-02
1.500208786314764786e-02
1.500209123158826631e-02
1.500209460003578202e-02
1.500209796849019672e-02
1.500210133695151909e-02
1.500210470541975087e-02
1.500210807389489552e-02
1.500211144237696345e-02
1.500211481086594772e-02
1.500211817936185528e-02
1.500212154786469305e-02
1.500212491637445238e-02
1.500212828489113845e-02
1.500213165341475474e-02
1.500213502194529258e-02
1.500213839048275717e-02
1.500214175902714504e-02
1.500214512757844926e-02
1.500214849613667328e-02
1.500215186470181018e-02
1.500215523327385822e-02
1.500215860185280699e-02
1.500216197043865475e-02
1.500216533903139804e-02
1.500216870763102471e-02
1.500217207623753130e-02
1.500217544485090912e-02
1.500217881347114778e-02
1.500218218209824032e-02
1.500218555073217809e-02
1.500218891937294893e-02
1.500219228802054244e-02
1.500219565667494821e-02
1.500219902533615236e-02
1.500220239400414275e-02
1.500220576267891071e-02
1.500220913136043714e-02
1.500221250004871165e-02
1.500221586874371515e-02
1.500221923744543724e-02
1.500222260615385710e-02
1.500222597486896431e-02
1.500222934359073459e-02
1.500223271231915928e-02
1.500223608105421061e-02
1.500223944979587470e-02
1.500224281854413248e-02
1.500224618729896486e-02
1.500224955606034929e-02
1.500225292482826669e-02
1.500225629360269451e-02
1.500225966238361019e-02
1.500226303117099293e-02
1.500226639996482016e-02
1.500226976876506413e-02
1.500227313757170750e-02
1.500227650638472250e-02
1.500227987520408139e-02
1.500228324402975988e-02
1.500228661286173541e-02
1.500228998169997677e-02
1.500229335054446139e-02
1.500229671939515806e-02
1.500230008825204076e-02
1.500230345711507998e-02
1.500230682598424625e-02
1.500231019485951008e-02
1.500231356374084370e-02
1.500231693262821416e-02
1.500232030152159196e-02
1.500232367042094589e-02
1.500232703932624298e-02
1.500233040823745201e-02
1.500233377715454001e-02
1.500233714607747230e-02
1.500234051500621592e-02
1.500234388394073963e-02
1.500234725288100701e-02
1.500235062182698163e-02
1.500235399077863054e-02
1.500235735973591902e-02
1.500236072869880720e-02
1.500236409766726037e-02
1.500236746664124383e-02
1.500237083562071770e-02
1.500237420460564380e-02
1.500237757359598745e-02
1.500238094259170873e-02
1.500238431159276603e-02
1.500238768059912464e-02
1.500239104961074467e-02
1.500239441862758101e-02
1.500239778764960071e-02
1.500240115667676039e-02
1.500240452570901668e-02
1.500240789474633317e-02
1.500241126378866301e-02
1.500241463283596977e-02
1.500241800188820834e-02
1.500242137094533711e-02
1.500242474000731442e-02
1.500242810907409345e-02
1.500243147814563603e-02
1.500243484722189706e-02
1.500243821630283490e-02
1.500244158538839925e-02
1.500244495447855195e-02
1.500244832357324788e-02
1.500245169267243849e-02
1.500245506177608039e-02
1.500245843088413196e-02
1.500246179999654636e-02
1.500246516911327328e-02
1.500246853823427109e-02
1.500247190735949469e-02
1.500247527648889551e-02
1.500247864562242843e-02
1.500248201476004836e-02
1.500248538390170326e-02
1.500248875304735323e-02
1.500249212219694622e-02
1.500249549135043887e-02
1.500249886050777914e-02
1.500250222966892366e-02
1.500250559883382385e-02
1.500250896800242942e-02
1.500251233717469525e-02
1.500251570635057624e-02
1.500251907553001689e-02
1.500252244471297555e-02
1.500252581389940193e-02
1.500252918308924745e-02
1.500253255228246353e-02
1.500253592147900508e-02
1.500253929067881659e-02
1.500254265988185641e-02
1.500254602908807425e-02
1.500254939829741979e-02
1.500255276750984447e-02
1.500255613672530318e-02
1.500255950594374388e-02
1.500256287516511973e-02
1.500256624438937869e-02
1.500256961361647913e-02
1.500257298284636553e-02
1.500257635207899280e-02
1.500257972131431063e-02
1.500258309055227217e-02
1.500258645979283059e-02
1.500258982903593385e-02
1.500259319828153512e-02
1.500259656752958581e-02
1.500259993678003910e-02
1.500260330603284641e-02
1.500260667528795742e-02
1.500261004454532879e-02
1.500261341380491019e-02
1.500261678306665306e-02
1.500262015233051055e-02
1.500262352159643583e-02
1.500262689086438034e-02
1.500263026013429896e-02
1.500263362940614312e-02
1.500263699867986772e-02
1.500264036795542419e-02
1.500264373723276742e-02
1.500264710651184885e-02
1.500265047579262684e-02
1.500265384507504934e-02
1.500265721435907647e-02
1.500266058364465964e-02
1.500266395293175029e-02
1.500266732222031198e-02
1.500267069151029094e-02
1.500267406080164900e-02
1.500267743009433760e-02
1.500268079938831683e-02
1.500268416868353813e-02
1.500268753797995985e-02
1.500269090727753864e-02
1.500269427657623111e-02
1.500269764587599565e-02
1.500270101517678714e-02
1.500270438447856569e-02
1.500270775378128793e-02
1.500271112308491223e-02
1.500271449238940041e-02
1.500271786169470566e-02
1.500272123100079326e-02
1.500272460030761638e-02
1.500272796961514034e-02
1.500273133892332349e-02
1.500273470823212767e-02
1.500273807754151298e-02
1.500274144685143779e-02
1.500274481616186914e-02
1.500274818547276540e-02
1.500275155478409186e-02
1.500275492409581038e-02
1.500275829340787931e-02
1.500276166272026916e-02
1.500276503203294004e-02
1.500276840134586072e-02
1.500277177065899130e-02
1.500277513997229535e-02
1.500277850928574512e-02
1.500278187859930418e-02
1.500278524791293609e-02
1.500278861722661138e-02
1.500279198654029360e-02
1.500279535585395674e-02
1.500279872516756263e-02
1.500280209448108353e-02
1.500280546379448819e-02
1.500280883310774541e-02
1.500281220242082741e-02
1.500281557173369952e-02
1.500281894104634091e-02
1.500282231035871688e-02
1.500282567967079796e-02
1.500282904898256504e-02
1.500283241829398345e-02
1.500283578760502889e-02
1.500283915691567709e-02
1.500284252622590027e-02
1.500284589553567763e-02
1.500284926484497794e-02
1.500285263415378212e-02
1.500285600346206762e-02
1.500285937276980841e-02
1.500286274207698368e-02
1.500286611138356915e-02
1.500286948068954747e-02
1.500287284999489608e-02
1.500287621929959417e-02
1.500287958860362092e-02
1.500288295790695899e-02
1.500288632720959275e-02
1.500288969651150141e-02
1.500289306581266413e-02
1.500289643511306878e-02
1.500289980441269627e-02
1.500290317371153273e-02
1.500290654300956254e-02
1.500290991230677010e-02
1.500291328160314151e-02
1.500291665089866465e-02
1.500292002019332216e-02
1.500292338948710884e-02
1.500292675878000734e-02
1.500293012807200899e-02
1.500293349736310164e-02
1.500293686665327662e-02
1.500294023594252180e-02
1.500294360523083195e-02
1.500294697451819668e-02
1.500295034380460905e-02
1.500295371309006212e-02
1.500295708237454895e-02
1.500296045165806259e-02
1.500296382094059959e-02
1.500296719022215126e-02
1.500297055950271935e-02
1.500297392878229691e-02
1.500297729806088221e-02
1.500298066733847004e-02
1.500298403661506040e-02
1.500298740589065677e-02
1.500299077516525047e-02
1.500299414443884670e-02
1.500299751371144547e-02
1.500300088298304503e-02
1.500300425225364886e-02
1.500300762152326391e-02
1.500301099079188322e-02
1.500301436005952067e-02
1.500301772932617454e-02
1.500302109859185176e-02
1.500302446785655580e-02
1.500302783712029533e-02
1.500303120638307383e-02
1.500303457564490170e-02
1.500303794490578414e-02
1.500304131416572984e-02
1.500304468342474745e-02
1.500304805268284913e-02
1.500305142194004356e-02
1.500305479119633939e-02
1.500305816045174878e-02
1.500306152970628387e-02
1.500306489895996027e-02
1.500306826821278493e-02
1.500307163746477518e-02
1.500307500671594317e-02
1.500307837596630799e-02
1.500308174521588003e-02
1.500308511446467666e-02
1.500308848371271521e-02
1.500309185296000956e-02
1.500309522220658227e-02
1.500309859145244895e-02
1.500310196069762347e-02
1.500310532994213360e-02
1.500310869918599320e-02
1.500311206842922310e-02
1.500311543767184584e-02
1.500311880691388225e-02
1.500312217615535314e-02
1.500312554539628279e-02
1.500312891463669203e-02
1.500313228387660687e-02
1.500313565311604640e-02
1.500313902235504010e-02
1.500314239159361226e-02
1.500314576083178544e-02
1.500314913006958913e-02
1.500315249930704586e-02
1.500315586854418688e-02
1.500315923778103994e-02
1.500316260701762758e-02
1.500316597625398277e-02
1.500316934549013326e-02
1.500317271472610854e-02
1.500317608396193637e-02
1.500317945319765145e-02
1.500318282243328326e-02
1.500318619166885956e-02
1.500318956090441677e-02
1.500319293013998440e-02
1.500319629937559539e-02
1.500319966861128271e-02
1.500320303784708278e-02
1.500320640708302337e-02
1.500320977631914611e-02
1.500321314555548048e-02
1.500321651479206292e-02
1.500321988402893159e-02
1.500322325326611771e-02
1.500322662250366292e-02
1.500322999174160191e-02
1.500323336097996937e-02
1.500323673021880522e-02
1.500324009945814933e-02
1.500324346869803468e-02
1.500324683793850637e-02
1.500325020717959736e-02
1.500325357642135274e-02
1.500325694566380721e-02
1.500326031490700415e-02
1.500326368415098172e-02
1.500326705339578327e-02
1.500327042264144525e-02
1.500327379188801623e-02
1.500327716113553263e-02
1.500328053038403435e-02
1.500328389963357170e-02
1.500328726888418111e-02
1.500329063813590422e-02
1.500329400738879132e-02
1.500329737664287712e-02
1.500330074589821192e-02
1.500330411515483735e-02
1.500330748441279678e-02
1.500331085367213706e-02
1.500331422293289807e-02
1.500331759219512839e-02
1.500332096145887487e-02
1.500332433072417912e-02
1.500332769999108799e-02
1.500333106925964659e-02
1.500333443852990521e-02
1.500333780780190376e-02
1.500334117707568908e-02
1.500334454635131147e-02
1.500334791562881950e-02
1.500335128490825135e-02
1.500335465418966424e-02
1.500335802347309809e-02
1.500336139275860146e-02
1.500336476204622467e-02
1.500336813133601108e-02
1.500337150062801272e-02
1.500337486992227472e-02
1.500337823921884563e-02
1.500338160851777056e-02
1.500338497781910328e-02
1.500338834712288891e-02
1.500339171642917600e-02
1.500339508573801141e-02
1.500339845504944543e-02
1.500340182436352664e-02
1.500340519368030187e-02
1.500340856299982144e-02
1.500341193232213044e-02
1.500341530164728439e-02
1.500341867097532492e-02
1.500342204030630407e-02
1.500342540964026868e-02
1.500342877897726905e-02
1.500343214831735376e-02
1.500343551766057139e-02
1.500343888700696703e-02
1.500344225635659445e-02
1.500344562570949877e-02
1.500344899506572682e-02
1.500345236442533238e-02
1.500345573378836228e-02
1.500345910315485989e-02
1.500346247252487900e-02
1.500346584189846642e-02
1.500346921127566728e-02
1.500347258065653361e-02
1.500347595004110877e-02
1.500347931942944656e-02
1.500348268882158685e-02
1.500348605821758170e-02
1.500348942761747968e-02
1.500349279702132416e-02
1.500349616642916717e-02
1.500349953584105035e-02
1.500350290525702401e-02
1.500350627467713326e-02
1.500350964410142145e-02
1.500351301352994063e-02
1.500351638296273417e-02
1.500351975239984544e-02
1.500352312184132300e-02
1.500352649128721370e-02
1.500352986073755918e-02
1.500353323019240452e-02
1.500353659965179658e-02
1.500353996911577871e-02
1.500354333858439429e-02
1.500354670805769015e-02
1.500355007753570620e-02
1.500355344701848927e-02
1.500355681650608099e-02
1.500356018599852473e-02
1.500356355549586213e-02
1.500356692499813654e-02
1.500357029450538962e-02
1.500357366401766472e-02
1.500357703353499828e-02
1.500358040305743539e-02
1.500358377258501769e-02
1.500358714211778507e-02
1.500359051165577398e-02
1.500359388119902951e-02
1.500359725074758635e-02
1.500360062030148788e-02
1.500360398986077051e-02
1.500360735942547069e-02
1.500361072899563004e-02
1.500361409857128500e-02
1.500361746815247199e-02
1.500362083773923091e-02
1.500362420733159299e-02
1.500362757692959813e-02
1.500363094653328275e-02
1.500363431614267808e-02
1.500363768575782054e-02
1.500364105537874658e-02
1.500364442500548914e-02
1.500364779463807946e-02
1.500365116427655569e-02
1.500365453392094733e-02
1.500365790357128387e-02
1.500366127322760174e-02
1.500366464288993215e-02
1.500366801255830461e-02
1.500367138223274686e-02
1.500367475191329535e-02
1.500367812159997261e-02
1.500368149129281160e-02
1.500368486099184183e-02
1.500368823069708757e-02
1.500369160040858005e-02
1.500369497012634355e-02
1.500369833985040584e-02
1.500370170958079293e-02
1.500370507931753083e-02
1.500370844906064385e-02
1.500371181881015800e-02
1.500371518856609757e-02
1.500371855832848163e-02
1.500372192809733794e-02
1.500372529787268559e-02
1.500372866765455060e-02
1.500373203744295031e-02
1.500373540723790901e-02
1.500373877703944578e-02
1.500374214684757797e-02
1.500374551666232639e-02
1.500374888648371187e-02
1.500375225631175001e-02
1.500375562614645816e-02
1.500375899598785541e-02
1.500376236583595736e-02
1.500376573569077963e-02
1.500376910555233784e-02
1.500377247542064758e-02
1.500377584529572102e-02
1.500377921517757202e-02
1.500378258506621446e-02
1.500378595496166048e-02
1.500378932486392397e-02
1.500379269477301360e-02
1.500379606468894150e-02
1.500379943461171810e-02
1.500380280454135205e-02
1.500380617447785205e-02
1.500380954442122501e-02
1.500381291437148309e-02
1.500381628432863150e-02
1.500381965429267543e-02
1.500382302426362183e-02
1.500382639424147763e-02
1.500382976422624630e-02
1.500383313421793131e-02
1.500383650421653961e-02
1.500383987422206945e-02
1.500384324423452778e-02
1.500384661425391460e-02
1.500384998428022816e-02
1.500385335431347715e-02
1.500385672435365116e-02
1.500386009440075885e-02
1.500386346445479330e-02
1.500386683451575796e-02
1.500387020458364418e-02
1.500387357465845541e-02
1.500387694474018298e-02
1.500388031482882516e-02
1.500388368492437847e-02
1.500388705502683599e-02
1.500389042513619250e-02
1.500389379525244107e-02
1.500389716537557476e-02
1.500390053550558662e-02
1.500390390564246799e-02
1.500390727578621020e-02
1.500391064593680282e-02
1.500391401609423893e-02
1.500391738625850291e-02
1.500392075642958956e-02
1.500392412660748152e-02
1.500392749679217187e-02
1.500393086698364326e-02
1.500393423718188353e-02
1.500393760738688055e-02
1.500394097759861697e-02
1.500394434781708065e-02
1.500394771804225251e-02
1.500395108827411866e-02
1.500395445851266350e-02
1.500395782875786621e-02
1.500396119900971117e-02
1.500396456926817758e-02
1.500396793953324807e-02
1.500397130980490532e-02
1.500397468008312502e-02
1.500397805036788983e-02
1.500398142065917546e-02
1.500398479095696111e-02
1.500398816126122421e-02
1.500399153157194743e-02
1.500399490188909779e-02
1.500399827221265796e-02
1.500400164254260364e-02
1.500400501287890535e-02
1.500400838322154401e-02
1.500401175357048665e-02
1.500401512392571420e-02
1.500401849428719195e-02
1.500402186465489909e-02
1.500402523502880614e-02
1.500402860540888360e-02
1.500403197579510198e-02
1.500403534618743352e-02
1.500403871658584701e-02
1.500404208699031121e-02
1.500404545740080010e-02
1.500404882781727900e-02
1.500405219823971667e-02
1.500405556866807842e-02
1.500405893910233650e-02
1.500406230954245447e-02
1.500406567998840111e-02
1.500406905044014000e-02
1.500407242089763817e-02
1.500407579136086439e-02
1.500407916182977704e-02
1.500408253230434488e-02
1.500408590278453150e-02
1.500408927327029872e-02
1.500409264376161358e-02
1.500409601425843273e-02
1.500409938476072493e-02
1.500410275526844854e-02
1.500410612578156888e-02
1.500410949630004084e-02
1.500411286682383147e-02
1.500411623735290259e-02
1.500411960788720737e-02
1.500412297842670939e-02
1.500412634897137221e-02
1.500412971952115072e-02
1.500413309007600331e-02
1.500413646063589179e-02
1.500413983120077281e-02
1.500414320177060473e-02
1.500414657234534592e-02
1.500414994292495127e-02
1.500415331350937916e-02
1.500415668409858967e-02
1.500416005469253772e-02
1.500416342529117646e-02
1.500416679589446425e-02
1.500417016650235774e-02
1.500417353711481355e-02
1.500417690773178311e-02
1.500418027835322653e-02
1.500418364897909348e-02
1.500418701960934235e-02
1.500419039024392803e-02
1.500419376088280021e-02
1.500419713152591726e-02
1.500420050217323234e-02
1.500420387282469861e-02
1.500420724348026924e-02
1.500421061413989912e-02
1.500421398480353968e-02
1.500421735547114409e-02
1.500422072614266550e-02
1.500422409681805708e-02
1.500422746749726852e-02
1.500423083818025818e-02
1.500423420886697577e-02
1.500423757955736924e-02
1.500424095025139695e-02
1.500424432094900687e-02
1.500424769165015389e-02
1.500425106235478770e-02
1.500425443306285973e-02
1.500425780377432489e-02
1.500426117448912938e-02
1.500426454520722985e-02
1.500426791592857599e-02
1.500427128665311749e-02
1.500427465738081098e-02
1.500427802811160095e-02
1.500428139884544404e-02
1.500428476958228820e-02
1.500428814032208832e-02
1.500429151106479238e-02
1.500429488181035352e-02
1.500429825255872492e-02
1.500430162330985279e-02
1.500430499406369377e-02
1.500430836482019754e-02
1.500431173557931555e-02
1.500431510634099921e-02
1.500431847710519996e-02
1.500432184787187095e-02
1.500432521864096015e-02
1.500432858941242419e-02
1.500433196018621275e-02
1.500433533096227900e-02
1.500433870174057438e-02
1.500434207252104857e-02
1.500434544330366167e-02
1.500434881408835644e-02
1.500435218487508951e-02
1.500435555566381578e-02
1.500435892645448840e-02
1.500436229724705882e-02
1.500436566804147845e-02
1.500436903883770219e-02
1.500437240963568494e-02
1.500437578043537987e-02
1.500437915123674013e-02
1.500438252203972062e-02
1.500438589284427623e-02
1.500438926365035841e-02
1.500439263445792551e-02
1.500439600526693243e-02
1.500439937607733407e-02
1.500440274688908358e-02
1.500440611770213588e-02
1.500440948851645279e-02
1.500441285933198574e-02
1.500441623014869483e-02
1.500441960096653149e-02
1.500442297178545756e-02
1.500442634260542793e-02
1.500442971342640097e-02
1.500443308424833505e-02
1.500443645507118680e-02
1.500443982589491805e-02
1.500444319671948371e-02
1.500444656754484560e-02
1.500444993837096036e-02
1.500445330919779156e-02
1.500445668002529584e-02
1.500446005085343676e-02
1.500446342168217442e-02
1.500446679251146893e-02
1.500447016334127866e-02
1.500447353417157410e-02
1.500447690500231017e-02
1.500448027583345216e-02
1.500448364666496018e-02
1.500448701749680473e-02
1.500449038832894419e-02
1.500449375916134385e-02
1.500449712999396903e-02
1.500450050082678330e-02
1.500450387165975369e-02
1.500450724249284377e-02
1.500451061332602407e-02
1.500451398415925813e-02
1.500451735499251302e-02
1.500452072582576096e-02
1.500452409665896207e-02
1.500452746749209205e-02
1.500453083832511622e-02
1.500453420915800681e-02
1.500453757999073087e-02
1.500454095082325891e-02
1.500454432165556316e-02
1.500454769248761588e-02
1.500455106331938585e-02
1.500455443415084876e-02
1.500455780498197687e-02
1.500456117581273896e-02
1.500456454664311594e-02
1.500456791747308005e-02
1.500457128830260181e-02
1.500457465913166040e-02
1.500457802996023153e-02
1.500458140078828918e-02
1.500458477161581428e-02
1.500458814244278079e-02
1.500459151326916617e-02
1.500459488409495480e-02
1.500459825492011894e-02
1.500460162574464122e-02
1.500460499656850258e-02
1.500460836739167872e-02
1.500461173821416097e-02
1.500461510903591811e-02
1.500461847985694319e-02
1.500462185067721367e-02
1.500462522149671220e-02
1.500462859231542836e-02
1.500463196313334309e-02
1.500463533395044249e-02
1.500463870476670576e-02
1.500464207558213289e-02
1.500464544639669613e-02
1.500464881721039374e-02
1.500465218802320665e-02
1.500465555883512790e-02
1.500465892964614363e-02
1.500466230045624690e-02
1.500466567126542382e-02
1.500466904207366919e-02
1.500467241288097262e-02
1.500467578368732714e-02
1.500467915449272410e-02
1.500468252529715656e-02
1.500468589610061930e-02
1.500468926690310886e-02
1.500469263770461657e-02
1.500469600850513723e-02
1.500469937930467429e-02
1.500470275010321562e-02
1.500470612090076469e-02
1.500470949169731803e-02
1.500471286249287217e-02
1.500471623328743058e-02
1.500471960408098632e-02
1.500472297487354632e-02
1.500472634566511060e-02
1.500472971645567567e-02
1.500473308724525195e-02
1.500473645803383251e-02
1.500473982882142773e-02
1.500474319960803937e-02
1.500474657039367436e-02
1.500474994117833444e-02
1.500475331196202480e-02
1.500475668274475587e-02
1.500476005352653283e-02
1.500476342430736090e-02
1.500476679508725049e-02
1.500477016586621200e-02
1.500477353664425063e-02
1.500477690742137854e-02
1.500478027819760439e-02
1.500478364897294206e-02
1.500478701974740196e-02
1.500479039052099797e-02
1.500479376129373703e-02
1.500479713206563995e-02
1.500480050283671367e-02
1.500480387360697901e-02
1.500480724437644638e-02
1.500481061514513485e-02
1.500481398591305658e-02
1.500481735668023238e-02
1.500482072744667959e-02
1.500482409821241210e-02
1.500482746897744898e-02
1.500483083974181280e-02
1.500483421050551915e-02
1.500483758126859232e-02
1.500484095203104967e-02
1.500484432279291375e-02
1.500484769355420536e-02
1.500485106431494707e-02
1.500485443507516142e-02
1.500485780583487271e-02
1.500486117659410173e-02
1.500486454735287627e-02
1.500486791811121885e-02
1.500487128886915725e-02
1.500487465962671400e-02
1.500487803038391861e-02
1.500488140114079709e-02
1.500488477189737546e-02
1.500488814265368322e-02
1.500489151340974638e-02
1.500489488416559443e-02
1.500489825492125860e-02
1.500490162567676491e-02
1.500490499643214806e-02
1.500490836718743927e-02
1.500491173794266456e-02
1.500491510869785688e-02
1.500491847945305095e-02
1.500492185020827623e-02
1.500492522096357091e-02
1.500492859171896100e-02
1.500493196247448466e-02
1.500493533323017659e-02
1.500493870398606974e-02
1.500494207474220056e-02
1.500494544549860199e-02
1.500494881625531220e-02
1.500495218701236762e-02
1.500495555776980121e-02
1.500495892852765807e-02
1.500496229928596770e-02
1.500496567004476998e-02
1.500496904080410483e-02
1.500497241156401214e-02
1.500497578232452313e-02
1.500497915308568637e-02
1.500498252384753831e-02
1.500498589461011709e-02
1.500498926537346608e-02
1.500499263613761999e-02
1.500499600690262739e-02
1.500499937766852296e-02
1.500500274843535355e-02
1.500500611920315905e-02
1.500500948997198110e-02
1.500501286074186306e-02
1.500501623151284658e-02
1.500501960228497501e-02
1.500502297305829173e-02
1.500502634383284357e-02
1.500502971460866870e-02
1.500503308538581569e-02
1.500503645616432617e-02
1.500503982694424525e-02
1.500504319772561976e-02
1.500504656850849133e-02
1.500504993929291028e-02
1.500505331007891650e-02
1.500505668086655857e-02
1.500506005165588505e-02
1.500506342244693585e-02
1.500506679323976474e-02
1.500507016403440988e-02
1.500507353483092159e-02
1.500507690562934843e-02
1.500508027642973898e-02
1.500508364723213486e-02
1.500508701803658640e-02
1.500509038884313869e-02
1.500509375965184203e-02
1.500509713046274500e-02
1.500510050127589270e-02
1.500510387209133198e-02
1.500510724290911486e-02
1.500511061372928646e-02
1.500511398455189709e-02
1.500511735537699183e-02
1.500512072620462274e-02
1.500512409703483319e-02
1.500512746786767694e-02
1.500513083870319911e-02
1.500513420954145000e-02
1.500513758038247644e-02
1.500514095122632875e-02
1.500514432207305723e-02
1.500514769292270525e-02
1.500515106377532486e-02
1.500515443463096635e-02
1.500515780548967483e-02
1.500516117635149888e-02
1.500516454721649053e-02
1.500516791808469488e-02
1.500517128895616226e-02
1.500517465983093948e-02
1.500517803070907860e-02
1.500518140159062645e-02
1.500518477247562814e-02
1.500518814336413570e-02
1.500519151425619598e-02
1.500519488515185407e-02
1.500519825605116375e-02
1.500520162695417013e-02
1.500520499786092005e-02
1.500520836877146380e-02
1.500521173968584476e-02
1.500521511060411324e-02
1.500521848152631607e-02
1.500522185245249836e-02
1.500522522338271041e-02
1.500522859431699906e-02
1.500523196525540594e-02
1.500523533619798136e-02
1.500523870714477390e-02
1.500524207809582518e-02
1.500524544905118204e-02
1.500524882001089133e-02
1.500525219097499814e-02
1.500525556194354758e-02
1.500525893291658648e-02
1.500526230389415475e-02
1.500526567487630268e-02
1.500526904586307018e-02
1.500527241685450409e-02
1.500527578785064778e-02
1.500527915885154287e-02
1.500528252985723621e-02
1.500528590086776942e-02
1.500528927188318241e-02
1.500529264290352029e-02
1.500529601392882467e-02
1.500529938495913894e-02
1.500530275599450299e-02
1.500530612703495671e-02
1.500530949808054348e-02
1.500531286913130320e-02
1.500531624018727750e-02
1.500531961124850454e-02
1.500532298231502248e-02
1.500532635338687297e-02
1.500532972446409416e-02
1.500533309554672595e-02
1.500533646663480304e-02
1.500533983772836706e-02
1.500534320882745271e-02
1.500534657993209987e-02
1.500534995104233979e-02
1.500535332215821409e-02
1.500535669327975746e-02
1.500536006440700114e-02
1.500536343553998848e-02
1.500536680667874725e-02
1.500537017782331214e-02
1.500537354897371958e-02
1.500537692013000080e-02
1.500538029129219048e-02
1.500538366246031985e-02
1.500538703363442014e-02
1.500539040481452431e-02
1.500539377600066358e-02
1.500539714719286571e-02
1.500540051839116887e-02
1.500540388959559039e-02
1.500540726080617018e-02
1.500541063202293079e-02
1.500541400324590345e-02
1.500541737447511417e-02
1.500542074571059245e-02
1.500542411695236431e-02
1.500542748820045229e-02
1.500543085945488589e-02
1.500543423071569286e-02
1.500543760198289230e-02
1.500544097325651194e-02
1.500544434453657434e-02
1.500544771582310206e-02
1.500545108711611939e-02
1.500545445841564886e-02
1.500545782972170956e-02
1.500546120103432406e-02
1.500546457235351142e-02
1.500546794367929419e-02
1.500547131501169147e-02
1.500547468635071886e-02
1.500547805769639892e-02
1.500548142904874725e-02
1.500548480040778121e-02
1.500548817177351814e-02
1.500549154314597365e-02
1.500549491452516336e-02
1.500549828591109941e-02
1.500550165730380262e-02
1.500550502870328165e-02
1.500550840010955213e-02
1.500551177152262446e-02
1.500551514294251425e-02
1.500551851436922844e-02
1.500552188580278265e-02
1.500552525724318555e-02
1.500552862869044581e-02
1.500553200014457383e-02
1.500553537160557831e-02
1.500553874307346616e-02
1.500554211454824434e-02
1.500554548602992151e-02
1.500554885751850288e-02
1.500555222901399539e-02
1.500555560051640251e-02
1.500555897202573118e-02
1.500556234354198139e-02
1.500556571506515835e-02
1.500556908659526727e-02
1.500557245813230640e-02
1.500557582967627923e-02
1.500557920122718575e-02
1.500558257278502769e-02
1.500558594434980332e-02
1.500558931592151091e-02
1.500559268750015218e-02
1.500559605908572368e-02
1.500559943067822193e-02
1.500560280227764345e-02
1.500560617388398306e-02
1.500560954549724074e-02
1.500561291711740956e-02
1.500561628874448085e-02
1.500561966037845460e-02
1.500562303201931694e-02
1.500562640366706266e-02
1.500562977532168829e-02
1.500563314698317822e-02
1.500563651865153073e-02
1.500563989032673018e-02
1.500564326200876965e-02
1.500564663369763352e-02
1.500565000539331485e-02
1.500565337709580151e-02
1.500565674880507787e-02
1.500566012052113353e-02
1.500566349224395635e-02
1.500566686397352377e-02
1.500567023570982886e-02
1.500567360745285427e-02
1.500567697920258091e-02
1.500568035095899665e-02
1.500568372272208240e-02
1.500568709449181908e-02
1.500569046626818587e-02
1.500569383805116890e-02
1.500569720984075081e-02
1.500570058163690559e-02
1.500570395343961416e-02
1.500570732524885917e-02
1.500571069706461286e-02
1.500571406888686135e-02
1.500571744071557342e-02
1.500572081255073173e-02
1.500572418439230851e-02
1.500572755624028469e-02
1.500573092809462904e-02
1.500573429995532247e-02
1.500573767182233550e-02
1.500574104369564385e-02
1.500574441557521975e-02
1.500574778746103372e-02
1.500575115935306320e-02
1.500575453125127523e-02
1.500575790315564727e-02
1.500576127506614114e-02
1.500576464698273431e-02
1.500576801890539554e-02
1.500577139083409187e-02
1.500577476276879034e-02
1.500577813470946667e-02
1.500578150665608096e-02
1.500578487860860892e-02
1.500578825056701066e-02
1.500579162253125667e-02
1.500579499450131055e-02
1.500579836647714278e-02
1.500580173845871175e-02
1.500580511044598796e-02
1.500580848243893498e-02
1.500581185443751638e-02
1.500581522644169573e-02
1.500581859845143660e-02
1.500582197046670431e-02
1.500582534248745721e-02
1.500582871451365888e-02
1.500583208654527288e-02
1.500583545858226106e-02
1.500583883062458178e-02
1.500584220267219687e-02
1.500584557472506818e-02
1.500584894678315580e-02
1.500585231884641636e-02
1.500585569091481518e-02
1.500585906298830367e-02
1.500586243506684542e-02
1.500586580715039878e-02
1.500586917923892039e-02
1.500587255133236861e-02
1.500587592343070355e-02
1.500587929553387663e-02
1.500588266764185143e-02
1.500588603975458110e-02
1.500588941187202055e-02
1.500589278399412987e-02
1.500589615612086224e-02
1.500589952825217427e-02
1.500590290038802260e-02
1.500590627252835867e-02
1.500590964467314256e-02
1.500591301682232571e-02
1.500591638897586129e-02
1.500591976113370765e-02
1.500592313329581623e-02
1.500592650546214192e-02
1.500592987763263962e-02
1.500593324980725903e-02
1.500593662198595503e-02
1.500593999416868600e-02
1.500594336635539643e-02
1.500594673854604641e-02
1.500595011074058564e-02
1.500595348293896729e-02
1.500595685514113931e-02
1.500596022734706353e-02
1.500596359955668445e-02
1.500596697176995523e-02
1.500597034398683249e-02
1.500597371620726421e-02
1.500597708843120007e-02
1.500598046065859843e-02
1.500598383288940553e-02
1.500598720512357626e-02
1.500599057736106030e-02
1.500599394960180737e-02
1.500599732184577408e-02
1.500600069409290839e-02
1.500600406634316174e-02
1.500600743859648728e-02
1.500601081085283471e-02
1.500601418311215546e-02
1.500601755537439921e-02
1.500602092763952261e-02
1.500602429990747187e-02
1.500602767217820016e-02
1.500603104445166064e-02
1.500603441672780300e-02
1.500603778900657867e-02
1.500604116128793908e-02
1.500604453357183565e-02
1.500604790585822329e-02
1.500605127814704995e-02
1.500605465043826879e-02
1.500605802273183124e-02
1.500606139502768700e-02
1.500606476732579443e-02
1.500606813962610322e-02
1.500607151192856134e-02
1.500607488423312541e-02
1.500607825653974860e-02
1.500608162884838059e-02
1.500608500115897803e-02
1.500608837347148887e-02
1.500609174578586974e-02
1.500609511810207380e-02
1.500609849042005596e-02
1.500610186273976590e-02
1.500610523506116199e-02
1.500610860738419393e-02
1.500611197970881834e-02
1.500611535203499013e-02
1.500611872436266592e-02
1.500612209669179367e-02
1.500612546902233523e-02
1.500612884135424374e-02
1.500613221368747412e-02
1.500613558602198298e-02
1.500613895835772697e-02
1.500614233069466098e-02
1.500614570303274338e-02
1.500614907537192906e-02
1.500615244771217639e-02
1.500615582005344548e-02
1.500615919239568774e-02
1.500616256473886502e-02
1.500616593708293742e-02
1.500616930942786330e-02
1.500617268177359930e-02
1.500617605412010551e-02
1.500617942646734031e-02
1.500618279881526726e-02
1.500618617116384300e-02
1.500618954351303110e-02
1.500619291586278992e-02
1.500619628821308477e-02
1.500619966056387401e-02
1.500620303291512123e-02
1.500620640526678651e-02
1.500620977761883690e-02
1.500621314997123250e-02
1.500621652232393861e-02
1.500621989467691882e-02
1.500622326703013841e-02
1.500622663938356097e-02
1.500623001173715179e-02
1.500623338409087792e-02
1.500623675644470467e-02
1.500624012879859734e-02
1.500624350115252643e-02
1.500624687350645553e-02
1.500625024586035687e-02
1.500625361821419403e-02
1.500625699056794098e-02
1.500626036292156129e-02
1.500626373527503069e-02
1.500626710762831273e-02
1.500627047998138487e-02
1.500627385233421415e-02
1.500627722468677455e-02
1.500628059703903484e-02
1.500628396939097074e-02
1.500628734174255623e-02
1.500629071409376181e-02
1.500629408644456146e-02
1.500629745879493437e-02
1.500630083114484932e-02
1.500630420349428722e-02
1.500630757584322204e-02
1.500631094819163125e-02
1.500631432053949402e-02
1.500631769288678086e-02
1.500632106523347963e-02
1.500632443757956257e-02
1.500632780992501060e-02
1.500633118226980464e-02
1.500633455461392388e-02
1.500633792695735269e-02
1.500634129930006853e-02
1.500634467164205406e-02
1.500634804398329365e-02
1.500635141632376823e-02
1.500635478866346566e-02
1.500635816100236684e-02
1.500636153334045618e-02
1.500636490567772326e-02
1.500636827801414899e-02
1.500637165034972471e-02
1.500637502268443481e-02
1.500637839501826713e-02
1.500638176735121128e-02
1.500638513968325510e-02
1.500638851201438820e-02
1.500639188434460015e-02
1.500639525667388403e-02
1.500639862900223116e-02
1.500640200132963113e-02
1.500640537365607527e-02
1.500640874598155837e-02
1.500641211830607523e-02
1.500641549062961891e-02
1.500641886295218420e-02
1.500642223527376765e-02
1.500642560759436403e-02
1.500642897991396989e-02
1.500643235223258175e-02
1.500643572455019961e-02
1.500643909686682174e-02
1.500644246918244121e-02
1.500644584149706841e-02
1.500644921381069467e-02
1.500645258612332521e-02
1.500645595843495828e-02
1.500645933074559735e-02
1.500646270305524589e-02
1.500646607536390564e-02
1.500646944767158007e-02
1.500647281997827785e-02
1.500647619228399725e-02
1.500647956458874867e-02
1.500648293689253385e-02
1.500648630919536666e-02
1.500648968149724712e-02
1.500649305379818561e-02
1.500649642609819430e-02
1.500649979839727664e-02
1.500650317069544479e-02
1.500650654299271088e-02
1.500650991528908011e-02
1.500651328758457158e-02
1.500651665987919048e-02
1.500652003217295243e-02
1.500652340446587130e-02
1.500652677675795750e-02
1.500653014904923185e-02
1.500653352133970130e-02
1.500653689362938664e-02
1.500654026591830177e-02
1.500654363820646403e-02
1.500654701049388903e-02
1.500655038278059759e-02
1.500655375506660533e-02
1.500655712735192784e-02
1.500656049963659290e-02
1.500656387192061264e-02
1.500656724420401308e-02
1.500657061648681331e-02
1.500657398876903068e-02
1.500657736105069119e-02
1.500658073333181915e-02
1.500658410561243189e-02
1.500658747789256064e-02
1.500659085017222449e-02
1.500659422245144599e-02
1.500659759473025462e-02
1.500660096700867467e-02
1.500660433928673390e-02
1.500660771156445659e-02
1.500661108384186877e-02
1.500661445611900166e-02
1.500661782839588301e-02
1.500662120067253712e-02
1.500662457294899867e-02
1.500662794522529368e-02
1.500663131750145339e-02
1.500663468977750901e-02
1.500663806205349178e-02
1.500664143432942944e-02
1.500664480660535843e-02
1.500664817888130824e-02
1.500665155115731356e-02
1.500665492343340561e-02
1.500665829570962083e-02
1.500666166798599044e-02
1.500666504026255087e-02
1.500666841253933508e-02
1.500667178481638296e-02
1.500667515709372402e-02
1.500667852937139814e-02
1.500668190164944002e-02
1.500668527392789130e-02
1.500668864620678146e-02
1.500669201848615561e-02
1.500669539076604671e-02
1.500669876304649639e-02
1.500670213532754108e-02
1.500670550760922414e-02
1.500670887989157855e-02
1.500671225217464766e-02
1.500671562445847484e-02
1.500671899674309480e-02
1.500672236902855262e-02
1.500672574131488995e-02
1.500672911360214322e-02
1.500673248589035579e-02
1.500673585817957449e-02
1.500673923046983750e-02
1.500674260276118992e-02
1.500674597505367337e-02
1.500674934734732950e-02
1.500675271964220514e-02
1.500675609193834192e-02
1.500675946423578322e-02
1.500676283653457760e-02
1.500676620883476323e-02
1.500676958113638867e-02
1.500677295343950078e-02
1.500677632574413944e-02
1.500677969805035497e-02
1.500678307035819073e-02
1.500678644266769356e-02
1.500678981497890856e-02
1.500679318729188257e-02
1.500679655960666069e-02
1.500679993192329149e-02
1.500680330424182182e-02
1.500680667656229851e-02
1.500681004888476493e-02
1.500681342120927485e-02
1.500681679353586817e-02
1.500682016586459867e-02
1.500682353819551146e-02
1.500682691052865510e-02
1.500683028286407469e-02
1.500683365520182229e-02
1.500683702754194299e-02
1.500684039988448536e-02
1.500684377222950144e-02
1.500684714457703288e-02
1.500685051692713171e-02
1.500685388927984823e-02
1.500685726163522755e-02
1.500686063399331825e-02
1.500686400635417063e-02
1.500686737871783499e-02
1.500687075108435818e-02
1.500687412345378703e-02
1.500687749582616838e-02
1.500688086820155774e-02
1.500688424058000021e-02
1.500688761296154264e-02
1.500689098534623879e-02
1.500689435773413204e-02
1.500689773012527095e-02
